42,55
8148,8547
47102,5826
9640,2668
36,73
4945,342774
2779,933892
2622,5233
11728,28
191315,468423
92790,57452
55,58
386761,79
98,1945
99962,228431
690741,1886
507,654
496,16748
078,47833
486,27
453540,36
3081,87
034506,6696
3970,15
47328,296233
7129,67
2243,33
3181,69588
41,198698
45,915
393909,637
74607,19839
73,7298
527711,716
55981,787
9712,8241
61,51286
807734,4522
4545,17383
208315,52
82943,53
910,5489
69,82
54262,149
27114,29
098,532
4110,7465
66,171
220915,254463
3122,98432
338,53752
54931,57745
9091,2588
639110,47
133,14457
95743,164
02,46319
92669,7137
60,587
761975,32
3429,12866
163410,771828
77,13596
14,15628
952,61
8158,45836
631,44
339068,969
752,33785
06748,513
89,278951
34,83443
24624,183
447003,81
37699,86995
5371,65
6453,8617
0246,711
09,41232
48,85184
42343,32544
234,416
5105,173591
4859,457933
829,2934
943,2388
446836,7626
760747,69923
512803,8546
987,85435
8406,855996
60878,42
612299,776916
467,572
336,962239
6196,72955
5642,76
331793,973
387074,92
99,387
9053,81
966935,9372
5113,6316
69502,683677
224,577
53,9532
9803,36116
1072,62
48327,6178
516,785
9853,221348
38889,84
357,1483
586799,67
86,41974
10,75371
4543,42
52586,52894
666,447
227343,13681
43,34592
0336,43999
823110,817973
703224,278118
12,344
950,796197
236,22333
5793,61885
310,213
393471,91
202178,5826
69,62
846575,786965
9435,988387
81898,93
0959,24546
54,38178
49951,76
76739,7237
50,6221
17110,897
92,533
805910,2738
27,21335
66372,86782
26300,974945
462588,511533
7524,35
7558,168
498224,5181
05,3744
052,962946
6770,54631
28528,719788
874,479
04,684
75735,2161
464291,1393
01,2182
942816,466684
206357,78
052354,28
08809,514212
10,18
43,71231
13,727
20744,11
4068,58
62068,16
889527,836
44,92
14,7333
86712,777841
935,14183
329,952297
9627,578523
560,14135
71491,762848
10,986
72,39
00399,39
56,6636
611853,8759
00658,753
68246,57214
62486,8786
0540,575
709,614115
90242,71
2362,324
611,79
163897,141152
72,173834
88914,49864
414349,14
08,6214
2924,36657
939,361
4733,42
871,874
150,6654
66310,82823
733505,2982
97,429
1098,52126
92,311
95571,278
19948,123265
69050,4483
2036,265131
92,4823
86,631
67,27361
8752,57
3736,451
831,8332
63,129955
256,873649
718971,19213
81,488
87,74637
7915,959619
046,971966
036,63549
121259,518993
5403,129456
648,32
14,36369
669,88768
22,926568
962,676
128,376373
626,7494
20,121929
10,259
21811,691127
032,721
8883,29257
7363,4691
601,153569
78286,9465
3419,63
4680,21396
92527,632423
3185,393891
15580,87
858,764712
587,585
96,313
21,671
9778,55
35,96334
601134,215
8065,5729
834,4179
93,3384
05277,96223
453303,441763
202,197
92129,9263
4062,7417
268,5226
872,34929
163883,28
625997,636793
08777,248
77,42532
399410,6643
107883,82
95068,6935
511,98
15,918599
2135,3762
685,7487
631153,465
993414,466175
7156,7429
79,746964
52135,42
5209,9942
33,94
488882,16187
006,63
2705,899469
35,35847
3517,876
24,892
925143,271
9887,9765
126382,64112
62934,238143
465099,4431
531200,8597
3963,71356
67,78841
700453,479212
877,18
919091,7783
229,7721
3108,751138
18,437247
63,727
87848,377
612,94
3630,96599
01,825752
32,429
179507,121866
379,31112
853,79231
53,34
025,173517
834,779
73828,84
834418,886531
97,672997
19056,55577
538,73
34623,422517
43837,117228
183705,274713
17,17
41855,787
3406,985
27,7571
330,5142
288693,431
57463,45432
661102,742
39,2328
279,776
96441,841241
003789,893751
723,6398
66,2956
10070,335596
52073,18281
0216,448535
790,1139
9043,676282
8584,97
75,737
301,64976
96182,6887
82,27
21,818368
254,887257
5066,743193
18,16541
04015,11313
577,7752
689,1121
6608,578521
477934,63946
606319,5881
61695,4124
0143,786845
8638,79
14527,311
37,746747
8305,195721
939,2174
017,1685
20888,94273
59919,428
4183,54338
1270,928
723712,2553
385,157
80,1845
619609,439566
4877,9387
541,11
939058,376
9584,96
591954,73
45,3638
285,3133
300,23263
00470,94391
8392,5421
64,8618
014924,91
4527,35
90,748577
6254,113
418,89713
58,7837
22,586843
84,58664
67672,931736
6729,42179
756,19
45038,546445
574,443746
829,28
442,232615
8192,17364
79,19
357,21746
49496,25961
19693,514858
720,769735
749062,163
4551,21476
00,793557
001,98
7655,132
054562,86
903053,5159
4416,77196
41,73
62891,6818
63,27544
2183,484258
3566,619
62047,8282
407,55
02,155177
6972,32
66,3911
161,3889
898,49
3715,688
781,5174
1372,66
0863,4479
64869,873478
80,533157
3303,98
58,185
70760,968
249404,38866
20,21
491,4768
19,59964
55,865
229057,37
177045,834391
94,7651
270,627912
68993,63
04,687971
23543,2852
2439,16282
7357,89
913174,539
19,8344
94773,53
4953,374
974686,57
639,885
182,55367
441,8819
009,417
64,373433
5172,41464
463792,68371
20,73
064,22
4806,267975
48,432
378301,33
271,7448
838,2365
80397,89
54259,12854
3258,35
13,79
99258,23
170,3719
96,377548
9711,13632
21464,333
081,753596
7686,98239
315395,391
34,58565
282408,7276
55,69412
550,924
18,36
045332,8922
96276,319353
35,8323
60,28
69961,29123
6650,55527
292536,3391
00959,75656
51,3791
520,36
83261,593273
097,78
19414,338337
579207,54
94737,723718
639533,54122
1518,896858
19997,421416
072105,689613
0568,67
910,85459
97,919272
410691,241594
427,42467
18,84
20452,73
9916,19
03473,28
039308,67
504,91
82708,35483
010757,7832
17679,71
34774,11
0441,621
7678,574752
212,7724
401,686861
27,236
0229,42233
741155,43
12,787
9641,89171
2847,632
247235,29272
919218,4277
24,373121
042,33
238233,51
8905,731
85,62761
027,42476
28484,1449
332305,172171
26553,264
72149,566574
221768,671
42,74582
38566,215
71,81
3513,4213
32,433949
87286,874
74,61
6195,95882
4074,54927
85823,25
5030,624
0469,713216
77082,8148
3487,93888
519,4867
054062,3143
30363,4259
887587,67
895,29854
472,957
40,921199
87,4648
55,73762
51059,19
086,772628
342998,7231
384,3944
040,1378
2973,1235
720093,889
94,91596
573259,75193
412,7188
112,72621
654,23
021,489914
6633,6682
68,643
24225,64868
297,74567
5388,76
357,6684
948260,142786
4008,73
153,131334
605,497267
3739,258866
65702,59
71528,85853
78114,85427
775800,9641
12843,111
81999,885
81,1634
9989,31453
38,427157
3704,865123
983980,49126
56,349129
927,118243
790147,356213
074,8461
9386,4387
20202,83
7634,12319
397,995
031740,83674
73876,52255
665,581
867,4396
433,5165
64632,62312
372,6418
9190,13
906,16152
006623,751
672,975
419376,46
767,257349
57,393217
278912,8267
82,199225
01278,9224
731382,257
5335,633242
615926,914
756409,36
8950,6665
28,76324
997,621
464652,743
153,14674
31815,49
386,316272
565,833697
21844,96
4159,648
329885,131964
026,91261
545,639
3150,41416
650505,33441
63626,172148
84923,819229
91,387
74814,575621
253,58387
13,866
89,396
4606,32872
771,37
506,855411
320205,19985
648974,538122
7158,8411
432972,629476
2309,686
8634,11392
1428,523
58195,552
1676,76
405990,7653
187424,85
608,62575
80,63
487535,48
11179,23
505,442668
00,8728
9239,32
9096,83
3493,35
9608,562
77773,5333
86495,738811
9724,8273
537043,267
247,6551
286632,5838
70,36412
20,82
45549,59514
94133,196737
39676,15186
74,64917
6808,11366
961716,3113
227,568
85419,144
50,1249
500,8448
844691,695
859038,17
080596,917544
28445,757
488480,528
30,879487
256869,322962
68797,489297
91,278
485876,72
49874,434
25073,955
631206,53
676608,71799
55737,55965
671,953884
666532,158764
05999,19
926556,327
48,665
80,97
95002,8392
63,86873
3275,231741
847,192
015244,23711
4869,335
967955,71
92890,7876
55,338544
26313,39
983370,2351
959,5824
92,11472
33,9181
5252,25131
454,2649
535725,82
71,53172
094028,987763
887,19784
066192,828568
6276,4564
996404,828
5483,73
741,3575
998569,817833
00323,4352
05,22
43985,7578
901249,97
24,342852
310,79
307056,978
012,5472
183,872
2370,736146
329,8967
038516,4896
256573,467
1727,96
7539,131999
06,548195
7667,958
344145,57842
130,96259
377,19
76,359
349490,75
922,974238
824,518666
9155,53751
214,79
904,831814
389,163
084287,5864
594,7267
067,28
342,74
68,5731
126,94163
5459,414
503,56699
63992,1111
42542,666
34114,351128
15887,44
713,167
687,83689
61887,828425
66336,194
467178,759
7554,1488
2008,127129
3998,227
50,771116
57437,43
45,544
8424,78991
645541,52749
859,874
5477,4171
83616,91
6730,227
612476,118314
5653,12631
06000,266
44019,1858
068,899362
100954,184
63,737532
29,42322
528,254559
822,19325
318,83
8770,735
464,21546
132733,717
592,5479
1655,333167
41,2734
304823,671924
704,632
51,3158
8376,41413
54661,652
9720,5419
786602,21
87808,2634
260076,787
47527,55398
796541,681
224,5471
5928,9447
1336,518843
1912,897
132,91
01,76448
582859,75229
651471,81375
48335,43275
48786,845
01223,38
294,714
214818,856545
042778,95364
820174,6259
971771,69924
3188,931
370589,426
618,33338
07577,6146
49,44
18214,9344
089,93493
721894,99
48,317193
896,665
00,235434
8061,5513
258,19
802,565
897337,628
45154,52
759879,93
0227,4492
37395,99223
66211,432
771,96
233847,182735
31,97
40,321654
03635,17142
286436,75166
2528,2252
07,645
921,55262
27,575719
782102,87
58248,154984
67066,75
518253,3939
14821,28
17415,986351
49766,112
7442,33635
7335,7487
95078,829
777,1854
747910,789348
82,622
72,49351
705,34379
34884,76396
93617,723673
35,169921
846706,819
970,438269
499678,182193
27580,963
097,24682
17465,6627
228,818346
543,23852
26886,941731
536,64
255,443
228,85549
204610,6251
7697,4715
11,362
6878,94
374521,599254
0211,87
14802,849
311883,19
210879,99
58412,261979
273,971
170043,86
275,965386
21717,68488
643,81924
4844,534
108923,83
76,8883
5181,595172
69138,728
759,3427
2943,98569
839678,3346
228,5534
173634,12865
104041,96
01945,648272
06,918
493,59
57196,46976
16803,615
44,49
491,731
743549,51891
503364,353178
878670,55833
702,8637
5030,464
153,72838
55474,166289
64720,57961
603115,36
404399,792
80793,291695
76310,558
946496,828
009,1236
6087,63
56100,5712
718823,7949
82282,572333
69909,27572
33,983
82356,27
40,944
1075,3245
24,7614
462,43187
1348,123
49441,9547
630516,27172
49097,96114
80397,5199
35037,487798
288,479998
14055,1447
48046,743
960747,416489
133099,71
6382,13
546680,54873
77990,91
05770,41
71,998523
052907,495246
34,11554
779268,962343
30,415
427,87
093,4498
7481,423523
8802,2715
0619,346
806498,856
373,522499
98849,87642
14684,44596
930,5143
77115,2971
533,91429
19897,4216
21,814812
66,485624
176465,52597
910,242399
49933,23318
997,342624
699300,98
63,953426
44435,32
4567,35
864748,66
6248,275
937645,719
97,333476
24,154
8824,175
482457,76
15517,1599
739664,945
63,493
871,876252
75,517582
3655,87952
201459,891
995057,879
3115,26
09643,65738
8863,1798
417604,2769
50,8956
588360,376316
310280,93756
828817,135
8123,24258
58,9588
257,37638
050,33493
2776,684184
1980,452483
828,769264
867,7385
065933,8975
7910,34665
248023,43451
555,418874
846,4992
0576,581941
57,633
54798,38
8182,93355
0208,56
25,39
132703,52
8040,14712
705657,548636
33185,324
8062,631
051,76166
7451,8468
538614,184
424,9339
98,86549
5069,18639
84,94631
03084,67
29,95
495411,938
3875,16554
833,398151
97324,97297
251,121
35144,2777
98454,747
878494,8336
6770,85739
2480,191
058155,8567
88204,59
641,919144
99299,83541
25107,359
54,1838
083204,643453
93525,33
070,3165
20152,1781
45,843
17680,9536
341,2455
200,13
76,971
97,662
584593,69
016716,57
9762,79
48329,2182
763142,247
681722,68
51126,92
639972,93667
8132,816
21667,7124
888173,32368
3652,122
18,29
45067,278651
471438,86
8993,467576
166,51998
62,63778
53,89
1270,52
174863,64519
8572,133
61997,947
7421,28
59,943
584395,7524
9153,475
589118,499627
455,83869
61,488817
59814,971934
2260,13
06770,74
89567,632839
99886,855
964576,62733
296,854
746806,32
1569,675216
73,6135
155671,393744
70,7679
85,26365
52168,24532
38,29818
67556,1329
9057,951517
180985,83
063916,587446
559444,658346
759,753337
643,3738
0434,72558
60690,3528
16,84354
242,961583
374,81
821517,464227
253,435
36940,2921
55854,189927
21,334575
5893,4545
102,743796
811,8412
537,93764
22,432937
436199,819
1661,4214
6041,873
760,199
46,755216
2204,9228
98456,571218
106,14618
06,6743
642,486422
886,558834
696086,131
171,847
580396,98598
20130,8337
5336,552
85014,993485
642,6556
851285,435
597141,26
7262,327
877734,18
086,423167
82480,88
26169,872455
95,82
984538,217664
77,63816
023,641
13396,93531
768993,26
70691,54
138,3226
25,1256
035,88
85008,53312
44,78
2576,428
98,56258
80,98
51,6683
72,898437
073,4911
43788,68
519,229417
050,57113
5281,1261
96,327652
302136,85
725,788234
90950,62573
8738,4357
637404,38
92791,5368
832,466888
772941,532157
90300,333
192055,4114
43,86874
1957,67
09647,65
296,7935
91144,95
1927,715
65,399
359,31
1972,5848
8250,12527
6872,652
3515,472532
48,556972
06,335
146,4583
658169,17774
4388,12575
259036,152
5397,368
23,985
204,83548
036,229
912503,195774
495638,76434
71706,5865
03151,651242
29351,6137
2763,63896
7896,55543
5246,43
01,129162
849,672
069,788957
757760,85
865592,5456
71,485
132128,7256
993818,64
10194,485594
762,5849
838,947
01,32665
675,834
32,856289
04,598838
062,378175
6094,62225
55,9484
08,81
5258,913299
49451,58
32,43553
97330,7719
686226,16186
8406,3837
35,1679
372,536
9123,61
84145,14
28,674236
86884,151857
37,498
683862,21263
5923,9925
919,41631
455263,378
7846,13289
92,9256
12,69329
376476,155
280871,485
47623,55
6135,83439
90578,735
78426,4199
775301,89
35,534948
79,651355
530,73225
513372,644773
852,621
976,95256
496318,37
516,49
5987,76
56453,69636
63957,12
20948,63
31,952246
558,891
192,1842
92113,35124
7628,283274
50,178844
40,54746
8408,5893
54,43
4808,35
71429,365146
59,333
891092,1925
03130,2158
7408,63136
40694,9235
722,77
3261,874
118894,125211
374031,789
5953,77
503,2166
27,831229
700912,852
9668,686298
794468,479127
969,79
098,87274
378,97479
6491,38
113792,2248
756,4996
7411,673
18,6453
311898,52
386,514339
0447,55
1452,29371
3654,82
45663,37169
08,26
25,112
5219,373
777,359757
75,28512
09926,9164
874122,918247
688316,245663
790128,75974
26283,324
0745,84139
81174,1363
07902,447
097,75
77429,3599
08,226
558520,37366
47,417358
24,899
9851,65115
1651,595
182036,63
4947,622349
947,629811
47,417
100828,334843
40,284
76944,129663
1889,89
67,78
75,692
41,95
18,486
1972,3136
399,46
747441,33
22,33247
501,36
561236,131752
233,1733
78,86
44,114636
0572,466213
277,133
081610,84
1888,61373
1392,27
688705,71825
63124,22
45,4339
820541,44715
820,67629
389,5376
06039,567
440125,72
859,44126
07,26241
086681,6791
5118,7444
869584,252641
362830,21
4853,325
33844,945
465,29346
707,892
953,153197
84749,259674
316,192376
97652,26
73,999
337,318
628,518
70,5861
503,3437
455,82
430,31
94298,13672
8066,6381
320,9438
13433,2419
0292,494165
1725,8933
624,63
240264,32477
23,979285
217,881835
18,9221
026196,872922
1314,66937
56,78
121,58171
346533,353994
513349,514
031,15711
53,323491
274743,54
348214,82843
50,73
450,57611
63,8229
0664,513
0421,492488
09,776
10,4755
743525,345
368,726
27385,72386
20,67
69757,32464
9509,5157
09988,82347
245351,412
59563,4374
329640,428469
2400,95293
1402,58
295,6423
9346,7639
186,5667
9418,98
65351,78627
7226,11
70,237523
216,573729
09207,15
42,927978
81,7635
0424,8549
0963,137
60272,23275
665,46
496,733772
236331,75365
28113,715
803115,69
83,3656
18460,238
32490,23
87343,465384
948,582736
48723,68739
02339,9525
69,79
15302,97
322612,72568
165,253
692045,59244
78049,749554
76454,68396
72,885647
98375,92257
0825,134
759,955
1422,6295
48,25895
184075,618
777305,286312
55158,923
798,23967
098,79
402917,188
751,58
73,29741
49036,92
51,329
860,247871
1516,93955
917,413
46987,349176
00,518
28549,231
713446,351
4196,49
66756,173
31,4334
90,2519
3541,84
0585,648
97,743
121148,7499
1294,335728
571524,614
37028,549
567,27
19026,33
92806,69315
88808,746324
3882,241
017,86
136061,57936
570693,9568
831768,82
77033,116
4925,81
96,589496
72,4378
44,965
561929,28647
75,914
330,244778
75205,1175
08747,23
472,797
08767,7885
04571,77171
46827,577623
864,613425
274500,57438
02073,248
242,679
69,9713
7899,754
445199,21
2500,6662
62,71776
805,993
987,626397
911330,5494
78,13
898,81766
59266,226
90,117
253,319476
53201,419
957,79479
26179,738
112,842
755879,26558
02,12686
008742,686479
194,67187
8560,426827
3438,258737
64180,28
51,94974
389,45586
07,43
296,187588
23941,27
9951,652
5945,86228
380666,885
947428,29465
498333,438
6387,33
171,259242
398549,6585
9903,36
24,196135
010440,48
84327,61799
134116,298
245,61
3894,41
05526,237267
60,4952
961,829159
1950,4993
708516,3582
16,65131
596,244
619689,8789
58753,734258
66,13
91690,992627
60,661164
21088,46
5592,1145
7352,89729
71968,261622
86,1757
658828,6642
77,2998
72,33938
699696,216354
43949,46793
872831,372537
13,348675
178683,56
95,578
344,192
843,424242
22,59632
74110,648267
9876,471
933008,948
5180,7794
76451,759
708484,49262
65960,458739
605337,246824
832506,562
64993,57
23,613
102589,83334
9196,95419
83,39
023547,18
77,273397
402813,823959
58116,484
766,55
264403,4715
8713,6796
42,28
0244,72677
250,4353
3452,62
803298,8361
28,4178
45,63694
19,69
81,647468
399429,74713
48,93255
5394,737239
648,74596
979291,46
982976,5693
55254,334
52391,158231
095121,184
55,8887
71645,664223
807230,642864
30971,7812
816787,28722
74133,925818
53,699
22092,92
9817,79
72139,472
398072,55731
1544,81418
81843,5886
04,964825
55656,42837
7846,645143
78197,348
683,96835
24,97375
87,57166
538,771
69,235986
03,392977
55,8849
2092,879537
88723,717587
95275,393158
767491,325271
968481,572
001,98496
99,94
169,8157
100666,7524
851588,236
845,4996
9946,15939
32801,14764
82,3741
31,669
90528,35
3493,79365
33,92479
340443,5771
788,83
0630,337554
57824,594
520,26252
33,948
8141,8292
7616,76343
973,839
246086,556
16655,822
2217,128
89597,834977
6439,7355
34,266
03004,1775
29,39547
70,69
102,77354
057261,429
405193,3642
85,955548
842485,473
89304,859286
457,45911
003,462992
0196,58547
874839,223982
80,124683
98,82444
322560,593
60,55
4889,138856
139,919
916941,5355
73,36661
69685,45
51689,84
2279,999
592,862
77,525172
324,11
613,268562
8364,15766
099072,1734
717,954519
9834,62
5761,59
18113,266
370308,992
53619,1722
62,335247
41132,53
538761,83862
75221,7358
92,729
815696,38
092,26
2392,2581
00477,8188
29,92
8096,92
464,967
0961,15382
420,48839
54504,538
35,877
9401,6958
349042,8682
1458,255
973344,957498
23,6625
26,47341
767989,2455
52408,9491
72,32219
0960,97
50614,15562
883537,217
0792,22
395340,618
0453,788
673889,64
184,154
7157,84
64631,35
0125,37
274433,58
2756,299482
077197,32537
848613,193
74,4929
51368,69
499425,43
41891,6128
30604,6574
94,6441
854914,7191
6815,11858
7920,467
39,623329
611841,17536
56,3386
930758,443296
50,893
6813,3122
571,474
225954,668
106,636826
400193,998
116,63
08205,11
66290,897788
46375,5661
97,7144
0593,6176
270446,69
830,62
494,617287
87,728831
702181,456683
1388,843831
1941,17
81,657
31,4519
609914,516
571035,62832
998,783
82971,66
053190,36
754,1377
025,361387
79,638689
843,619
65385,82723
701,246548
89,56
55,747
84,37
570249,111
809,6585
27,36
57106,38497
2926,67
48,8188
58670,95
6898,454696
99799,36441
98,947226
97164,24317
789518,32337
405019,526
35644,33
864546,5875
08885,642
51,188
32304,838
8487,238
82,51
38376,933733
518,169534
69,596763
32,721
767133,356737
4037,66343
304,17947
0072,36
06,66533
533,86474
78606,833
851,75661
853110,51
1914,836647
097,53
45,646881
05920,912715
553,43
764,956527
31281,8257
803745,178
533,5987
466,2124
149,77619
478,428412
8437,1444
161,89
34904,958
4103,2776
368,664
32,918981
734607,3829
6508,7669
96,24239
1003,536698
863,459
19,76476
02184,774116
74576,79835
92104,965
022290,54
67289,632293
2892,641399
077057,1241
2073,482439
986770,25415
315367,44949
966345,11791
730525,173557
35,712578
334654,571663
1518,41
34,9249
431,5189
210,51575
4633,5126
262,6411
00,773434
030963,23
164,36
112525,939864
7789,565817
6922,921
39068,262641
067,248
931,98
12530,6936
8073,925162
46940,51381
461,344457
48920,5341
91,169657
324,92921
68409,7543
29,374
54802,316
016520,623564
76,8343
46,43
72207,94766
56,63
074744,117278
761104,77
08,73188
9275,879
48,149
869775,68
63,49185
00998,68176
57925,19
986254,97
326842,46165
13,51631
52726,76
734172,39
99,973334
3787,68297
205,219
35102,47
75986,345957
6318,62517
285,237
759384,1913
91578,92
195632,45
4964,48
094218,62159
255282,6593
0583,395
825,48993
487,84324
556,968
36,2148
430,57454
0222,768
5455,64737
21,772637
1839,89
4393,44931
7873,7949
31227,58462
57752,7421
3791,684
38,71884
83630,951
507,28
764403,81
36,97
2174,5469
337,152
89,446998
6097,729591
15049,91892
5031,27876
91723,91379
0448,639298
244,58786
19731,483915
7674,15118
445,62359
80362,2887
3513,54296
00,58
702313,43147
654,27
11718,17
780620,584648
419,114653
78,235
951,41415
637223,54
5892,571196
415058,337252
97,32
283677,81
02730,22219
3233,51
285,141497
381,2643
798623,42
110299,922
63,843
415,986473
966715,9998
9840,3882
495,5919
1170,5159
226,71975
537371,238344
45,882946
06,275
547,77
820924,449126
97,516834
25964,21834
06409,7453
69811,232913
893,713
32,45
56903,79361
26832,6495
62413,15
40,115
887981,36
32436,1619
276563,9462
24,6135
95,3379
528967,61
62,61
895,85
203,64536
87308,574
52498,43771
693602,6788
773320,76
61,66228
3459,864929
101,523154
763708,14184
343087,873446
780081,8394
657571,767
429,417
5792,18635
401,156
095215,899
89243,296
438264,988179
74010,42
267,38
11278,697
24,72
54029,546
98,34
040017,8544
01,465992
76,537739
99,64968
6250,6713
489,886
90659,126595
13,593
49575,382976
9252,2395
430,2268
17548,32
208,3575
8386,677985
7448,72
97,994362
57,254224
7051,4625
30,9712
399552,59115
80,69389
71778,538919
6060,34
844,53334
60,9213
70,69344
59,76
200745,9777
104379,946
70,94482
57,6274
236,5946
839261,21
8787,342466
20,6451
83,5721
27719,6795
1444,622
28,127318
72071,497464
21329,838
53,421
013545,651146
2852,1953
48,312
82,67665
1230,566748
7953,6349
165409,55377
258,47
653417,3377
4599,8115
19,168715
1254,18939
0282,724521
829609,48
22869,7668
68928,27
713295,62
87435,144
259,246347
733667,74798
0876,3492
83577,12
7305,495
14074,491162
79609,216924
072,58932
72,78245
542,8137
4566,881848
613464,34281
7109,25
9658,372991
97929,3752
58665,641
43,95
6862,227927
1667,867474
695390,46322
612124,13172
93628,84962
4447,9824
71072,78351
83,47331
38425,66745
593975,46
54248,65636
44,69
135,6175
2203,273912
79899,75
810,372
629,76144
36417,851783
202,1971
1537,24844
78259,23
69593,69598
768,349638
6561,67
577,419
16932,214996
605762,8642
35035,69513
31600,93678
89628,78
99,92
899822,85
10,75593
64304,5775
09,713
723234,9279
20,3367
51,49252
773,96615
6112,12561
48060,2977
952072,515145
31,47493
867236,3195
244263,3787
3814,717
297,252
539944,9865
9885,5263
61956,244
118655,14
72,79767
64,126
136,4425
5160,614
744641,22347
134,255839
683508,5546
84,923637
98,79377
41261,2586
45,775
05327,331
17025,358764
454929,785
44,7197
65,685
443,8968
970275,9985
500067,4144
237375,14814
14,438159
4808,4621
8200,472
60,841699
206780,823
25,513835
5119,8519
94,8388
94775,75588
51,2623
363,73
999,587
295847,42195
06,44
708,517214
2624,45
11,914823
64,688492
79602,98679
14745,6535
778925,28
2397,37
33,54556
89876,2265
40132,314
2017,25
0432,438117
070,2888
59,94644
987,112762
52,663443
4605,8364
9029,564
401,5761
294765,139
696,6938
60016,22
927,68924
75582,979253
728249,596
683,7886
12097,853
741,65431
0014,242853
913,54739
39,6282
15100,44533
980,1412
707625,627211
20889,365
160,2214
619,17559
95245,33
867148,74123
79638,51
69736,3964
735998,65
2685,31195
390407,265943
321963,232793
00,36648
962,274
88515,39
2348,11644
509,2129
596107,362
63,561842
45,4562
144,792629
58781,51737
93623,12
403640,56495
89,566
063205,531
995,489347
4408,624177
3311,987
446,24938
63762,9823
32441,23393
78,372
239,76225
96240,56
817,19
159665,53268
70118,98366
347947,381434
11,963
79392,259
87033,369189
236,93
8815,57922
3758,8564
819,277
936107,85
7280,965
836999,81348
739994,575
3210,52845
74,7557
273,3794
360583,7758
92446,679
16352,146876
25,7554
49,58791
3910,7427
123849,188457
16666,16229
168,26
06240,472391
494,42
5366,63869
30374,95698
03,52
2373,55
31857,1255
74,894
96,3621
07372,861148
07,714
50,1175
90,325
62353,759
706728,99
711,89
09142,671932
9615,937132
44,58838
97147,66
74159,669725
44,41
215772,32
6580,936
175890,7438
96622,516951
585208,25
017563,393
804,2387
28,1797
469508,267934
00473,317
589,276
787,984
741,437
92899,22145
493,67
6604,37
17,2113
654,763744
24,3223
690,266
230,63844
803,76234
06,731
0244,19
4122,298
35,532778
282686,1129
325303,91
121918,65582
922,826
93,674796
533,9346
44394,52667
37,8112
10,897864
812,28771
890598,461
764,138
09652,23
6534,5148
07069,25892
1183,126355
173,917297
66083,837
103344,2921
4200,262
2879,24973
24,363598
011741,12519
68,923951
247,44
1384,22687
40438,693283
85289,245233
82555,9854
02,772475
78742,255
505,25
880839,278
7013,527967
5595,3971
600,26241
276,99698
69404,846
59,84563
02848,12
717114,114417
5986,5729
05221,8826
56259,294
231,112
352,21
1039,74535
07,52912
08,55
645746,29
2901,982
59683,22
23823,335
8800,858
54,91
517584,778
55,388673
901112,438
311,48926
19,31
87,62269
382,195494
215075,512
11,2614
40,331852
36,691
318,51
316425,298
9885,79339
1278,9912
530,98778
687,1377
767,464
036,133945
6486,168
517068,63659
5540,244
8660,56
978404,98
1031,8943
430,2514
83,47184
87,12814
925,491
5882,46995
548672,9657
6718,263553
596033,35
384313,932
550,667956
62183,92734
704305,3882
07773,25622
20425,415
464,441587
22130,81
94,861484
38,4797
46,1952
3962,2497
5100,72985
8285,43
524204,7826
92251,2247
2414,4326
213788,94177
73287,36819
53829,622
460878,67546
57,843
7640,44816
03,3591
507350,95
77,237287
421063,314394
07225,124
283456,3388
696781,6856
4430,29
2794,51269
7815,7635
514,5651
487927,762232
530,866
03,1414
621502,684153
743,37
21,767782
3148,86942
71493,318446
20,559
376,126
73,476
026,39495
6566,156781
08064,5679
507,8277
01,761978
91,4584
05517,478
338,67
394,3562
575505,323
89397,342
521,3826
420612,13
838500,682199
244498,6795
333,242781
932904,424
004978,23216
82,184
781,59768
5507,6753
683985,1977
8392,739
934,89674
6424,743
3077,481
18,44
85,297127
84562,65
9497,1171
57,7972
81804,228
6119,61757
27310,669
9813,615695
936,94651
85,726896
730,48179
330,759
26,58
55,75355
21,7362
4570,95
91,317557
701416,58536
267816,7422
5164,434194
767704,1455
21625,48
509417,5851
20405,53
1576,1275
5682,2653
343,255912
0220,89831
490,25918
85,29
0547,52
79331,22
000896,254281
726,15255
76149,187
425519,4376
5610,272
78101,15937
601788,26
44,61436
95,353263
671220,626652
837299,511783
74651,498
14342,682682
551,97
72,3982
7596,64864
217762,82
4162,22224
64,7515
85,981265
152596,91535
8484,893
76,1739
24,7145
663805,8137
55,2344
334,234247
127320,3718
5826,451163
494377,5195
1619,961
43,354252
58069,81
5656,982
73035,446
589732,535
775363,54672
65527,5923
4853,189693
60687,493
402,9267
88983,625
857,1628
06,471
53736,266463
499913,5168
84856,157
9088,326
993,8869
45,116
727,21352
83985,336512
95435,432
819251,83
1356,191935
279,611
690,68
00,984925
87,6455
424952,491977
68075,88
20190,7776
878,3223
027540,87435
22385,65
18381,729
3221,98143
55679,132824
791,9173
919,85
38593,927979
113536,93
667,68521
22477,275621
324050,257
737445,52
841,411
0238,4821
34991,444
2890,1281
593,1539
78660,64547
243,1918
489663,11864
64466,781725
0741,44716
89,46997
4522,634622
8130,849
015,62
46,89
0160,731761
3339,6687
5674,663
4407,84284
52545,19927
864,89
75,687341
9766,665
695482,99539
63325,47735
86087,63
653763,14552
9603,5371
601929,781742
574,13
399,68
13,413
0604,112287
670,7476
7941,161
967,932
555,88
6603,734856
326666,63888
43384,16126
2403,6691
174507,87
1950,419685
2157,9786
98245,623
9568,166
80107,768829
51886,63365
347113,694
46533,2826
4743,314
40,87797
63165,23741
95,42453
3581,645719
228,77
039737,94661
175,72
39,1253
3187,5286
12680,3434
87187,5442
56355,57
969,419
10,26
0024,214963
98,84
413,87311
03210,12
581825,183589
521,437
780241,27
459181,197
05,3693
449,754
291,8549
6559,28
27,711284
55,25
454,98
268,4518
20,118242
612,41613
284994,179981
44109,24128
8485,212
80,39392
938868,2345
5208,41
934,233222
415,2494
435633,41231
60,274262
084,91793
90,5313
687,861
52139,77861
8411,212162
6097,5837
06232,976
224,34268
98,37264
10104,4993
70,758
60,879
97910,61519
50,3393
1844,1186
687975,352361
05,9876
589,434331
75,42438
32,97
41,361
81,963992
847,92
948,263291
121163,259794
01539,941644
4126,97
176605,88
56,83
26450,28
4856,973
5414,8758
9362,6559
4769,94716
998,545266
30239,83713
483,93
529,436
197,19
22,239
1976,81866
83865,212538
200463,24834
280,6185
810124,728
93785,512
950309,56764
0586,72
42,911178
04,936364
17,446
89202,817
3748,972448
943,946361
7874,758
930,62
159,652368
985329,63267
47782,413
7572,14983
530,81383
552,63471
717190,1456
85,17
579406,18473
92,84
4140,989939
273,9661
267348,9383
2040,26
170740,86914
469840,149
2881,18
49,1148
09992,49231
5381,56712
3850,52835
1743,35
24,13219
83,9445
655902,2893
33325,87844
916123,319
92414,313811
854,3228
10,5517
51,96831
12,836
697,8242
6773,867415
525,696
096487,27
944330,48152
048329,596146
9894,81
041534,64247
69,8599
34363,172127
52726,187567
130595,29751
015,399973
26,677712
5839,25776
199098,9819
86,352942
6844,3323
401994,273129
72,126
82,97133
305,7688
8563,34
16,1489
105,5315
807,919164
509,22923
5075,285218
061,56869
642139,38
224,17
861,12998
8553,7768
64557,328598
9121,635
07004,278627
652578,44246
25,44829
548,911
670051,457
429,22
126618,86363
6233,86
307951,65
440,319335
0725,146612
251,455573
970560,946953
62,875426
357203,71
40,369
08359,969
64,679
9792,467
40,1752
914,5798
70,72
36454,984679
37,2566
471543,649588
683,276181
948708,9387
528965,39
2581,726
7695,84827
6618,96521
560,836846
2856,65
38,4286
57001,75353
6910,827626
4342,4377
2051,68
75713,6133
01510,48
965,15
05,6799
05681,8153
363246,744471
4357,66
2786,46
1586,575194
483,55
075754,82
0411,193
51,129
57498,259
833876,895666
057593,73
21,2353
910680,22
60919,751
412,257
937778,6117
2683,3177
5311,943
725,61335
830965,6624
80,59
8990,496156
41313,431
921052,162963
7153,33
58,115436
352272,747
323,94843
145,86
61337,63
9786,148952
50606,28758
042026,8194
754407,53151
6206,1698
98951,98597
705167,78
53,9435
387889,6317
88,276
6032,67758
9906,195576
73858,1382
36,336
33,84165
14996,33
52982,897
712620,27
535983,56
02171,83
35,155
752,15223
37,474692
045182,71
56602,1283
615,86
8779,31
209,143
38257,45
93428,858769
2555,57
0792,292
852648,61113
534340,375552
16,334379
25967,5493
83,467
202,646
49,681
87,821276
46,55786
268,616
43078,151
6344,155
64,474138
337572,48
39,239977
097,44765
8937,238891
74834,43
72294,38
960,2887
800,5316
4974,72
05751,83519
154193,9496
53827,924245
1724,41453
71610,55
83,591252
00674,377693
87,3794
2366,824247
4504,864356
0959,72438
105,691312
104,761
596717,295797
0317,29
9660,653965
76048,61485
563,239
25,65
8929,1223
6975,644
49120,155541
534,66
0228,79785
32,91253
59,4759
20,7731
10807,868142
21,643239
6802,566438
44503,34
62,4662
60,683579
756781,38985
535322,284
5153,5158
18,82269
3609,134163
23,769495
618962,699
131120,32
53271,442598
224214,124
90984,7953
18,46
56983,644
4699,537
267,48
64515,24964
0246,8945
33037,3586
0637,2341
76,247
9696,945
593076,3728
521715,18
2855,378
2295,4321
59,853744
857017,2856
30,92382
36,713
035913,748
1619,317
09580,3826
979178,122444
03840,15878
31,621
035,522411
761,957
843,489
87000,774931
045,27953
444,8552
31,81
051,218723
388509,89268
767196,69
13,76
0460,541219
82786,591333
883610,649
1442,928
6470,58597
255,61349
524892,82926
841,5715
76197,327974
132052,892
7346,657
495372,125
44,3439
41913,537369
53,942
180439,38345
060,24233
725,34
316,731
13552,73
3557,969331
6868,291
317,715
03877,35
48896,561875
28664,58
08,56
311,866951
9144,92
718872,39943
36,63541
2491,787287
127,341
129,9579
413513,864215
95555,81
4513,45336
23831,693
084,184
3996,323325
48362,69
27586,86837
572,777819
79,73813
819993,54
6356,899479
25,53
60166,962654
12,8211
971307,468
684,9899
84613,453
4428,674222
291987,83582
036,62
02,923
216,17
62,37
45745,4566
79,55631
7690,1182
157,7999
081,428
007,8595
081,615
326,11
138,878456
69,31477
095,52617
90371,75625
153466,2627
92,21482
971,1993
9728,3718
17,742
50730,316279
116,15
158918,91168
76374,88
423148,635385
818,74
746027,7324
93,3518
68,58545
664707,828499
381184,136
24,36441
754207,874868
060670,4799
690249,2443
144,1222
3798,575
08,78898
226261,42
80008,334
486590,77
800795,61683
44,73327
265,47
28747,623
65199,57
90257,19
16899,8298
154939,2897
314833,613915
09,6473
77,217
34669,76237
446,72966
231,674792
37725,63148
58018,83
001714,58791
470470,41938
37,2855
48,636
027,487758
726296,37827
17,188625
068,695761
411199,5169
04,41526
44,44
84,8881
329,37222
722705,3972
314977,9378
957988,8521
76,42
95935,564
11,4366
805,195
59,345
677,57
328,8883
16272,412814
21,3664
761943,87
703596,998993
219,687592
707283,86788
77,82923
33,83112
29026,852736
08,762
599,641332
88,95
0590,9283
7067,645253
72358,246451
945,56653
252089,993371
171520,166732
001594,754
95,839694
90,924
4445,744
83669,7913
36,541
9551,9614
90480,2672
3621,58883
7854,33953
3582,489
764,65
49,6669
242804,67612
67,9141
0992,25311
448958,618
659863,7753
34,25
28,511363
9320,369542
5555,344187
00,9512
6540,23
213,3524
830,897
154840,8832
80457,3768
47,59
68,37
41592,6987
736,87
089140,4199
31866,646
029,1464
91,4598
01,489674
451,83341
6260,97
578,69163
505716,26129
42,62111
6609,916811
54,137
633,939
8264,674765
725,3984
77412,52569
713268,854297
764,271158
41,39819
142833,346
574,2538
518793,63
402,5443
329119,1299
274,45281
0009,144
602816,343
424429,463271
15,19476
6627,672798
74,424
4343,41874
991017,45698
723,349122
648,8587
26314,5615
3234,7466
87,8375
7809,784
20163,817
33872,3192
341419,499563
94,2596
780187,434
21866,369
2594,23923
96,57
4660,765181
2334,847776
520,28
517,617
0914,7452
340,63
29,488285
0157,237
642,76719
1123,51
3414,491383
892789,5718
1868,232
63,93234
386,793
734,173881
26,23
523912,46449
720364,5242
391,35439
642243,6639
37442,791142
577,44
296,173
9698,228731
93698,63485
9139,77
04,14163
9485,76824
00192,112822
297,761379
494,315866
550,59461
41,4925
908657,97545
12276,9279
0862,5687
2750,998
687,18646
40987,6731
962708,2699
59,868583
3328,73111
45494,11956
98622,46798
546,822376
30193,95
02,756712
444257,827
570,8883
21953,36
3509,97722
1131,5168
3673,66699
99,37957
8466,8539
07,688722
916,183
1015,48
24970,262297
0149,82
94,41
09,65
4963,68
61828,468534
57,66
70,46268
32706,53
85132,556
0943,9548
1828,43814
778,42143
27719,1371
80413,1264
57,377
95,3581
27,479952
628,12
789514,2141
7281,7195
41609,27147
2711,282
25014,645813
725,33562
4098,22
25,725741
560355,169
49157,53937
226,928244
80492,515318
39894,93
9325,73811
6075,95
33,3156
5028,529393
7442,616767
921858,584
749,439
70865,58
207,91
25,492552
70,21859
343,874
04,82
4737,97
594,29
5236,176856
6626,32
47791,5344
37444,492
8846,73
41,72
10,1529
353,44
2580,6217
2680,529746
810438,3186
3559,616
147945,5971
48,71
98,35291
39255,24
93983,142821
9988,8764
83378,47
87931,578
87658,73953
20005,43
3639,87695
014063,184
1927,738923
4334,76349
8694,56831
90,174696
6148,454
073,482
780,97426
89320,433
9508,952622
983,147
05,83
50257,13847
8994,921
62,63
975,91
426,147211
8694,689225
900,2367
30478,185
13,6862
24,471
647,25
49247,371236
25601,356
4739,267599
624322,17
754,456
60619,41
200898,663
47895,116
41,5919
701976,641347
613328,66291
390871,998
5705,44
3924,584
17211,7366
1469,4178
828649,53181
859,835717
42751,982
260151,148641
53459,975138
77,94
43,311538
348833,33793
2789,485
6268,67
665,83279
502,2529
3079,32429
895,9973
9125,33
48235,129
53,4163
7328,2755
618,8442
2089,5715
39135,1737
19,767624
817324,53
6890,482
61456,78663
2068,99449
23869,814973
0512,565972
245,67
342883,5825
6269,33
3285,156731
802,3772
720603,957
653,935
45,738
06,29
896265,96671
33,279
106379,987653
3093,94
454068,928212
53138,868866
393,138451
14,41
430985,42326
148,7285
9808,35345
92,84861
405,47719
53,79655
653,27
63,63
01971,2679
503,432531
86,99
01289,369197
2345,519
99,296243
7510,742
40910,9616
5263,3311
6817,53
36,117374
322,63152
2631,7477
227,16
2808,785257
69871,38
09,12972
12194,118267
176892,987559
4544,6495
92316,48
2250,54
55566,598693
29,726942
850843,548
167166,88978
25,4961
668,271997
59099,47198
9285,111831
4629,4764
91,458851
04659,555
4790,688
65613,91375
631475,871
316792,245
40594,21884
8859,118426
69,957326
66,638
861,68
91206,859625
709,898
43775,7632
25,579
61854,59
2432,982435
292223,672823
60305,2729
359697,75
7727,96378
7053,8487
88,724436
019798,847
621,699
208,394
707521,35318
52178,28929
153,62
07065,76878
1400,31288
29,473983
1232,197
65,1235
76467,59
46,22
38651,1656
99,8214
8890,339
666,528
9208,59
207,38
989004,55167
673,12
05071,721
435,9373
899350,5368
50,27125
02,347
6940,64
59,93
58,21
7574,46
99120,39737
21016,3249
37,56
5971,114574
632,633
16514,85737
178676,193
052,611
75,4968
068,597719
09233,7186
9121,71832
56,881772
873,164777
46354,829134
38534,27
15605,377695
444136,86218
964,568898
87,313
82,997
053093,96
1598,14
780,78336
07504,391785
01165,518367
916,91776
8688,59
554251,428173
867,229
330,16
53,93
689620,5215
99919,338
5548,9672
060985,849746
07703,39
508,8184
467,89
758005,6273
757164,983275
01,93
68,32
2003,59617
8128,91262
5317,18
408228,55876
488,835592
72,17
740,84763
85300,345
61102,55
165612,261
84824,828391
20741,786234
19,396666
055112,82
800445,34592
8137,645764
319807,24
8518,61
58,592
51,263
98,122
11597,249
7421,3826
5826,325917
2243,2355
74173,564
09423,559387
413,51726
698,4483
72,462
5340,9523
518281,861914
02131,9369
921402,48
642458,6755
2711,859642
238,497195
394,878
199,4624
57,544121
1703,99182
4772,4622
0896,55252
12563,196
84,594731
56,418238
36862,858547
7102,532
97515,642
772750,687565
42656,549
8359,73
75968,426
3932,35
161,2333
3462,77
306385,893
12,56
103,9375
34,932
23742,814484
449,7584
41111,94918
318684,71
70,51
7840,96
02294,516
54,6232
28572,174
994881,29221
62537,367366
221,785688
84,476
897780,427662
36,45
215,968
93,91
83565,23
119562,94
35,51
37313,9977
24907,168
28982,118391
61,158
35895,18
184479,1741
0229,12
3355,154523
032801,97
293295,972726
5433,117588
07,4244
31989,28
420218,69
80642,577
7040,3792
3825,524
12,35556
45,13
13423,549
697,6482
5972,1554
92841,369629
59,38
422664,36
92446,977
26,663815
974141,85
50632,171489
8724,69
3707,889241
903,763874
71,68
42131,42
629,378843
344,27
26781,91774
353,66
918,93
201,599741
135659,63339
72,68128
49,9345
8836,397
62162,474
7755,43
87,8673
44392,81
0600,1254
012,983
437580,37
7521,155
900,9951
1932,611
6955,892866
430472,317
7176,74
723,64654
211655,383
122,58498
239109,244573
088589,5399
965418,8354
9762,65
192,2552
28,83589
05003,27892
3175,611
42588,942996
110,22358
79,988819
56,99
4179,261583
063029,517
0955,4223
748070,264285
40162,8269
904,147
37920,61
886,75943
584,29
03420,395
69837,354343
658,23
57,483
961,12
77994,483243
2824,387
04,94
159,49
952,395
0350,89
1908,71127
40,11
118,943443
08638,696
34,893
347912,115
29,512
229,95664
9549,76783
859,42
47296,359262
699916,558938
87,278
02,25
029989,999244
35718,9531
51,98
508,9484
3910,95
17536,99
98469,617
6710,1536
71663,2118
03,58454
18,62
310,85587
06055,95
685,517885
27516,64
427092,84476
686,291
092,628
95,31
41486,958433
761,67
5340,17596
36,71451
747,32
95,3589
08,687
6137,57743
48,498329
23,7614
6725,47877
28,83937
459,26228
716,233
3503,779
982,69
08797,429122
214,76633
62963,4974
142,411567
8493,234
893,39881
63912,23
959,182
1367,115
3674,396
98275,267
90325,41
77621,165
749305,29639
53,6316
29249,25
132473,622621
4448,45895
40,91
666,73
487766,37
89,29
191098,24
353707,386
250143,845
54869,32866
8775,555718
8944,18
88650,76
455287,81
273,87823
1096,15593
16,17
353191,485367
44025,87
96751,71247
08,7398
21206,1635
75168,9694
65812,4642
9153,4868
24,49585
7468,81
444,22
0055,28
5118,897652
61396,546735
5406,65292
840,46
0481,66
21218,34
666,143
042,15539
50,43627
0448,2499
614532,67
97,6771
469,9768
56,13
92246,3865
189,86935
33623,12958
198,1268
29,46855
544486,38567
36918,439192
00437,5929
551520,78
33385,556451
39632,26
72,996
92,46
0608,87262
767212,563
59237,12421
17428,99598
56806,31
346,192
10048,57
810,88986
208819,75345
69999,479
194758,88
9089,291587
3740,73
4441,34134
893972,43219
0673,56778
3525,733463
57,126814
1940,5646
045,831192
666,99812
4874,626
71,532
86724,545
85,325
2599,261817
98846,53
56,335793
15,34
41587,795116
030208,5957
331803,3746
19,243
542,3558
78071,3165
185,25713
3813,834
11,23
60982,298
660580,976549
122,974229
70875,4289
9123,6996
01,56283
7054,95
7393,71232
076857,24759
50,39636
62212,46
308793,588
61404,6818
34,37
730588,65849
716,528
55,844611
57,932
9375,334252
715082,11
898952,148927
744,681718
924,266
271406,28
99509,5289
22,723
868,269
66,459
14,7851
400063,97414
78288,19
0527,91
678529,36615
908989,912
081482,41726
032,23428
8331,35472
9932,872
597,54597
1639,868831
67120,78232
338487,5561
6051,13
86560,958251
540939,576
06638,732
248264,49829
16529,612446
6639,93
5067,21
728,69673
9995,26447
3356,3665
769539,87
99,557
868900,82556
65940,47615
28,995493
637,527
56040,426634
404908,368
68,35
652,6549
07,28
53,62341
744,76178
99,1435
68866,944
478,899
65518,715
7624,993664
7186,566
847,9631
2703,422
2828,243664
4998,139714
16,4816
96692,1248
78050,83941
6320,87661
00,3376
3811,3268
473364,98
85,5515
80545,69975
892261,28295
2087,865149
2979,93672
459,125761
84,831538
73,424
38998,154
31,45371
10516,16419
833,41529
155243,4274
61064,358618
297900,66
18,356279
07484,674151
59,645859
0964,78436
6508,8898
8185,17827
944405,78187
07,148
23,5928
412,49
10,69873
13,7131
862408,9656
7544,35
1835,21
99,557939
453,691871
483,786
06,3933
039,8688
440756,517985
9716,443234
71396,657645
748,36729
34921,494674
74,75746
094503,6724
763,63
0327,721661
6842,54167
813740,3376
57709,554672
757122,72
6541,754939
66,32
087,53113
8351,54
391,12
646,6547
48537,34713
13371,65249
69,155162
16,493
355673,136
74261,696972
15,261425
19640,32
2061,4281
84107,96377
317819,281415
71002,27432
794530,62279
198810,89839
257,343
341,127178
35962,88
69,2514
4387,82
2139,562949
823,362
706,44
0142,644
91960,52148
30,443
3787,7955
428494,61
680083,358
61,561132
0193,452
77,183
25,591173
4620,856
9928,4561
5392,898752
691430,763
21911,739
389772,7185
600,2756
45,527111
14836,8821
8692,92
01,669375
336,64
78,83569
163,55471
39,928
04058,2951
09,912732
50639,929161
212,498
013293,6516
55,476
445610,683
030,953
52,25
457,24875
97101,668735
393,116321
8540,183614
92958,817
98247,86
695271,165477
183570,48326
807151,24
072278,62
52025,6473
5761,6262
74223,627425
90787,9222
20,321
683,25
1543,62
843,698
305,475263
12,8855
23673,99831
80042,2718
20656,11
923255,545
8441,69626
236,691
33,19242
04814,5425
8166,431
10,852
995,51844
629989,45543
6399,98
99,492228
23903,67494
98,153735
57918,37221
53,3515
51430,429
486,37
0069,7858
2931,278
5112,3844
19,6511
459,84747
9491,56
59,32
984,49774
30468,39751
713,1776
35,467
9955,16295
533,981
325692,553
18,824
311657,667522
61473,534
655338,13177
5004,8624
00,951245
9148,724759
981,4811
2118,678
57,396
1476,4862
68,29
28,859
22187,21
72,694
296,354633
564429,26669
01,47962
021,34921
583,4952
8955,19395
28,82
011,8542
02,3351
33485,11
951736,4772
67399,843
67,7369
788,638
434147,75511
91,514
279,31
64,2391
6598,6176
338071,845832
49440,655539
249958,71433
050,61
3506,4483
10109,89629
631348,482
405,58
50508,271779
544851,619992
45997,61
149,457
510,9371
3984,73
91,7589
753,592938
9248,5979
26712,52
2950,25
990,47547
578994,99
618,93528
884335,298
36,35244
3222,647771
530,31
48,46
9808,19
144,81379
9548,8362
834028,76427
25509,5231
48,112758
12433,913
973,897327
7663,56612
47,28
897,84311
47,15
0595,6954
50,264649
5405,87298
96184,56
830726,62688
54,176316
0923,851487
37,582414
356170,149329
7686,48518
8065,631923
9712,16443
652621,15245
2187,842849
028,8177
567,69
28380,28774
835973,5918
1149,63913
08,32
9060,8244
255,572862
2843,283229
30364,92395
333629,51
589,395
357,672
38117,76686
8999,573
62,6223
7177,28
107683,55
79,67
77237,64449
16,68172
1324,569
2066,33
447,82524
29258,119314
20698,62825
59,164518
56322,873278
440512,58
27,95315
3801,47
49732,291448
923,893
72185,3773
23,92751
7822,613
2066,2773
238,59
2041,4867
5030,92
218842,6967
205272,7934
10168,92
26386,95
99713,26651
2948,7884
92,676
289983,814247
7024,51545
231,924148
866,61992
255,79
2772,19774
830,3522
775402,229
31852,12287
571,93
604025,516784
202,11678
967,33
854,899
425,244
20,517274
82611,36
721351,687445
1782,694
899537,46774
294,41961
0367,735
56,47
4604,531
58,97371
7029,68
90,3931
7817,567693
608789,59
66261,2835
81331,2991
101,96
526401,12
53455,52
92,984
543101,69
5381,11295
948,935411
0969,278264
32154,96548
87,1431
37855,379441
95700,4281
42361,976
2437,963
600,5291
944,8122
741821,421846
705090,11737
56941,2279
251,4927
4675,583
4638,6453
811,835
4318,8731
27,7834
86974,3275
385,87334
559792,18
87,488
25861,392181
4172,3422
661635,925511
0340,14
536406,3127
42,139
166029,85116
67840,9329
537,2375
680123,15973
351187,126
491,884494
389,12213
68,77
5726,145352
995,42
869,3983
562,76
88059,63541
48,24
827,41
285197,123251
53871,2136
484020,855632
7676,61
88947,61942
59911,624
04011,337873
47,46271
6132,95
0463,889
169623,29
10541,377
849582,863452
044,76
71,14
80,275617
73,54
78,3555
80235,936152
64275,981778
71076,534
818840,478853
09,23
54,26
634,55
71,282446
5588,89
8533,24
49,51
835,215353
806974,182563
67239,3992
982583,29251
8894,49579
24,7295
3690,99467
026,9628
5094,6676
325,55
844,1315
150,872561
31,6362
0121,78971
613864,73969
996,271111
90820,94875
85975,616159
59,98
54640,2644
59364,468624
770,79151
569238,524
00,132
77382,386
46037,2418
062693,16
695,65742
408681,519
7280,953
65,99489
288,97
03,91839
092,49165
214,517979
1849,54
30,98
10922,18
9427,22373
34,14462
875636,87
5103,592843
041458,1687
019,773
24146,34339
18266,63
625105,64268
08,51
348,14855
988,781
32,59
2443,666
030943,136575
547,761
54459,13
252,146588
232496,798663
552,56
25,68
111391,5229
209,881651
61431,32
2893,211
8862,8111
1121,228
36,32555
851018,636
6112,664137
635,7235
2860,24659
3947,94128
25,41
36,342
636,45748
6186,51635
8720,28279
13184,9636
039,6174
964635,777979
385143,579369
02,13288
186527,722
717067,34398
323,7555
709,763328
16871,4711
882342,63964
244,835
38,648227
0091,55
294,18
38,119683
462962,336811
63,62
223,3388
03,481
988,767
6205,7378
3442,166444
42,473311
22679,38696
63,94
21,465
58875,62617
9297,31366
64727,528
73447,32851
105206,59
942950,246
62578,458
05,49877
17161,87324
84387,5163
148205,2478
502,485984
89589,9141
64086,555
028285,44655
40,787
730,399411
072411,487423
20,267556
7336,54
744,25852
017936,518
673,21
37628,69
76,659761
873754,361
01,65885
041,87
415,19623
529,126
99,3775
76,259454
011,65
725,898
648885,54
327411,65297
964,728639
5257,468753
951,12
26,7252
28002,59148
477,762
7770,98143
326470,76
400,624496
835693,522
3890,29
144030,52
486623,332397
0892,24
48663,39899
925360,675
90225,1357
06,712613
4161,41
59718,843
816,8279
445,463
33,682
39707,617
43,871156
47,344259
77,643
10,35
977120,492797
17,295198
166,26762
892,627452
138839,3642
981,182
2027,2478
3441,275283
62,158477
77091,74
520805,12722
3777,793751
722135,64
334,93181
7926,137838
001720,22435
093654,665
00,81142
43,114
32984,4122
7999,721828
93816,954841
319265,9494
7903,3662
88,43
163419,575
419406,174
353,175737
32649,6436
110,911716
543,81
440550,56
850488,6635
65050,21545
80059,35892
341,5928
630,328
5086,15669
575,75162
35,369291
212,941
663,16677
394,5623
534004,25
97906,726
4348,29
11164,998661
88,535
9791,71
521034,857
76,68
29,522
573,34
21,7323
3758,54374
2264,83
071,46
342,5269
0662,951319
5366,642748
04,31666
687,26
74,9749
404696,9471
429610,82
60487,8439
41,6451
9627,441
2507,16
39649,83415
144,528672
28,632423
20011,138992
181,654938
352,983
805528,58
523,71396
38,597
2607,517
51,671
0436,559
085469,595
31,72697
52,1249
7168,642
9543,529
93752,8521
2268,97
559,213666
36,798
1311,42354
921,7234
35064,359191
4881,873436
01,642
6834,2569
973,54
0481,91769
7104,117
27,69931
632435,11614
5137,56936
50528,13495
964312,661665
582,5967
44462,33799
85336,1639
778,22
641297,132
16555,7873
79618,672499
3207,88
4275,38
52,41693
757886,227
39864,426614
85344,35
1284,562
333904,162533
919,358
6600,36
970,757
55351,66274
332,776
077146,212
44237,2965
134,453
325828,99
05,65211
438,884
279456,32565
0351,51
09178,446453
41668,6392
3678,17377
7686,42663
326766,717832
05,23387
81815,637178
5742,334
04663,736996
982,884692
104,479278
4219,17459
520986,9319
95779,5644
543,253
3195,46775
61394,25279
787611,674
8812,18144
938956,92211
690,42
598394,33
35223,9799
4226,33
79,118392
5570,38153
6490,231814
1934,8561
168,226352
677,42
22,4891
5633,615314
065,368
257,247
34173,765
3454,94752
81028,539651
184,11918
32,88422
2922,674138
8479,2523
904913,692985
982345,6878
668,188
65,455
865,251
42,265
21906,79
136183,89
224773,317
10,66
26522,58
67935,744
9479,69674
8368,9148
559572,117525
12895,75
992,774
1696,25276
7294,8761
73,12973
06,1749
688,1227
82702,523564
189154,87
194849,452818
1282,291398
07914,27
33,92
26853,67
4103,48
47922,269293
07389,518213
00475,986
6989,388688
788929,97
977,29
78,623
91,3267
79,84429
62182,85
83,15
3670,9948
3439,927524
498932,75177
014731,91
3048,596
98,679865
690,96
1565,49
306530,34662
382,46
15112,1117
11698,78371
829,2986
803,63
55,188
279,992
419,689712
86,628713
937,326
15,5545
596,856
964,628
70,493719
22,32
38143,366
44827,868
685,1473
9092,337878
777452,4717
2826,71338
8494,6935
96,322845
218532,86181
80416,37151
3601,4739
35049,558536
440,384
008,523296
83,253752
2304,35
72,826
383,837131
10109,887492
54,453981
368071,42
422348,8616
56823,91
44139,19
369,68655
080,7337
917,69946
8410,167528
07,876366
9732,71
129583,66283
72,44
41119,752
98647,18762
493,185
439580,434283
38112,87
14990,342223
20,374359
91,7117
12134,393
715111,7216
350137,92
440,14525
293,7971
57418,65849
437,449
728319,72539
64,41356
63923,98
677240,978
105605,88139
846266,249962
9798,458
30829,583677
0817,18185
8241,36849
46227,1557
328,696159
468,6319
38546,888
0814,9723
537022,378
53999,2778
16500,853463
39,36
40,99
8088,87425
20,6592
474,296
330,285
737057,55478
433,1151
0530,23353
881018,44611
40287,69262
597174,846
30,816978
64855,72
5723,782
974231,57537
1556,38
32972,8654
965,6727
117,794
96404,826675
802,438257
136,333572
101,84991
9133,927
63153,147
448847,923
60,797
0271,693
05440,19
66234,9418
4304,946
999191,75691
11794,8446
23,84678
1452,7649
6795,52619
825499,26954
525,426717
182810,24785
029,52245
55,51
543893,45662
6357,482
82,396543
766,289524
959,3953
018988,35
21749,512
97557,55136
5826,828
50468,42711
1539,769548
86091,643
51265,644
582,36371
60157,266
55,4562
787,616
1845,82546
0550,83
078,65
770,47456
07,63
078522,4886
1054,3453
59,5225
569,2948
98,5871
1884,882263
5817,7264
193,97
22264,888782
6193,17795
68,531888
180553,651425
00,82
683,6645
870,845
98152,597454
203505,971
06086,18
75926,62139
914,889737
8312,5667
1086,4689
889332,47
34044,2185
0780,878385
263,154123
8913,83
3429,9783
293,139
188163,649
3666,229
992886,6862
46750,69
549,151
65,367445
51229,49
19,113
425702,28
97,9171
63,241137
730211,85926
8338,213816
93,631297
62,93438
0766,855971
94581,954
738,25
2431,498
05,27641
592,151
756,399
70061,29
8365,46
385666,873
414229,253
748803,1365
32,59522
35,346
8916,437123
21,7198
62662,37
17,168264
835,815
186,71
8440,435
971,529
552808,98
688637,15716
891226,267645
24,56
034939,26165
720292,28954
994,488
23,53365
36,65
43631,9185
57969,842
44,3213
668,477
51251,118
54150,141
3070,491
0952,588953
458,24792
620354,21
472259,819
6017,41571
98,529
17,457188
84990,976
012,982
68,192197
561276,277
8124,88799
227,3472
769468,35
160663,864
88725,6242
27,17373
908,293242
9995,23
84,57223
91,6782
72,92
840936,369
385455,67
294,786
453,215
6932,466
0421,164987
17271,69451
1846,88442
697832,56
827,4967
55,12227
35923,95194
061,729998
229439,378
0382,685
669058,32547
24749,56225
919508,81
219,26
76987,43
492382,986699
209,338242
316076,947868
36273,85528
550277,415475
6550,98
24613,25
59385,953
435,541438
61684,173
233969,28
6879,725528
24,82
23028,85973
58579,391791
58,15
15187,54977
500741,955
66760,14443
26435,83
21565,695
8412,3646
6113,971
93,6899
781,2635
56,92143
65,931
5385,84
336237,14134
08,23
794699,63
094,4198
889271,41
862064,673
038492,666114
81012,1911
2632,526
3981,79343
451600,57995
69790,522
083,4238
22,76
2481,172638
1915,9123
23514,73
653,8961
76980,51
6923,66796
37,497514
73,956
3032,93596
64351,25
458695,89195
89248,89492
8320,91
08785,959
18344,1533
080296,92
556432,572385
156630,24
0240,341
42,91
900,237
79,89481
84,36914
033,37542
566252,9774
770,63871
837,221
219,77763
04,13
246227,97391
01,19369
81,3872
64407,62
3379,12
33004,135866
062,84
101,97513
7754,2129
3425,163
56826,49441
6820,1757
517,4696
56399,592274
5414,34636
00,37654
43,68
7228,175
9321,467286
3250,526597
392,219
31,41112
14,89889
62,942591
39371,38
512466,826
56107,775
62,82
22,716
432865,7684
8777,22
860,88817
411970,197
740,97
606021,62
5255,84929
941471,44
30,583777
280,119
47749,424191
35,7895
43347,86
90359,84
54060,44
8500,361
123859,48
893,61852
97,4262
839,1299
19999,182
655,85
9062,398655
23001,537
65,113842
1921,84
377,9513
191111,94
35,35
20,62969
880205,855
623,836
522033,479
323,799882
72,192437
46,536
49959,5683
26137,5949
503,477663
9556,614368
99,887
283299,79882
96,7187
797854,35
213496,521
875,2236
682,1371
6494,5711
86172,629
035,633933
857098,398
01418,91473
426255,69437
477,148
467,1588
135772,18885
79732,27
629,96592
60357,27
636973,68868
17,3154
232,563537
58,1161
6855,494735
903,643
494,148
163708,2622
955,5124
10211,6366
566,86792
254893,85678
0826,264
539240,45545
089,57
62,53
4795,3343
44,41292
42,12
204,678812
2258,928777
0259,65411
69,617718
73,15
64165,936
853,661
681,82361
933,29
886,66472
685,567
189,76751
01031,5958
42,55
888,7695
8621,4168
930,766265
7460,4189
42145,631387
029,17
37,47274
55913,7769
393086,52
218963,61481
8805,1321
928522,2961
291,389
12276,577481
774,7196
8980,135431
325,342
0273,243626
19,6273
51938,764
35512,715995
660662,95998
39320,856643
66,68
22922,613414
003530,188
57091,6487
655788,47654
2159,4588
607646,94
37,26
90609,15
9067,95127
91965,83582
9199,4555
870,93
206865,2382
540,6152
92,24594
37084,73373
67255,34
694,81673
5200,49
392,99
9525,864
54084,76798
07042,7748
1499,73
568,483
12,51348
480,6882
5571,485934
008192,71961
6198,3821
1255,5485
13399,88257
5618,14322
83434,19825
30568,327
300,77
041,527
27424,475258
55,71226
73790,938
323818,351132
73658,799
037,5184
22,966
88,62
982,2247
8730,635483
91,68645
020,13463
85,72
421119,5758
59,381682
776,496736
449451,75
761,29295
223168,451813
52052,444177
81,184884
222570,8344
160,6757
20,32485
434577,29138
01189,24
8602,567
4657,36
60722,73
37,33592
18,235356
67,971
3450,59
7323,26
7782,86671
347,46391
516,8113
8849,997
3916,1995
3400,35
9221,415
6102,45
65,69817
80,27
889005,53
3490,19
67,59199
528,566
082235,66597
67507,53174
369,44132
1450,81455
9690,65
8356,6975
87,318
13,38177
126,597862
177,222
288265,16525
5106,7259
714,53854
71,53298
21,27821
27,74
161543,77127
480872,39134
44,74
96,73
6423,741435
66,97
9938,41591
92429,254
7857,7296
6086,95194
28488,16328
27,69
212392,596
85719,7555
92578,39323
937103,162
790,59635
94,91
58597,897
6122,88
97055,252
791,939179
261,588586
31,49338
368,622
66,698855
30845,72639
60421,9725
889,63
35374,899695
95,45494
194454,44593
3638,1414
48693,557
32,629
62,267324
9419,627
100,6393
57,87
50,687
29190,292
709,2877
689,82263
08,849
61,89895
60218,919887
085,148
914,45743
1128,268496
216712,25
999,95
095846,8172
1561,75
2164,53
37159,4772
028,26
61,924778
18,3242
220,81688
71,98
54128,463
449,7215
23543,2658
43,159
97,444265
757716,5461
5307,98
2503,722
39,24
58,9174
070786,778
410964,31548
86993,12
03,5181
359,4136
71,595469
092583,93159
6716,78
600,643
95,4184
542049,3677
502,9694
084711,777918
6196,8849
682,4268
20110,6596
4803,951344
192,83398
128520,462
406159,232398
141473,2188
76373,142862
164461,43716
28633,31
59,41478
864536,411
77730,886
336868,978171
0852,947
934040,51538
6610,99983
35,427551
09658,8313
93987,56
35,337
288,3876
39,175
72201,934
889008,27286
83,87419
838759,398419
80,169527
061,4558
61,559
16,586946
86213,254472
90,637
138,82
80332,515877
88,59
18330,24
88693,368
720,36574
65,1755
87188,171
44534,86452
445887,86397
2816,6155
6756,532
872854,998642
753402,89
46,23
89,17664
3387,568
03,8591
27,69
08,8424
772,36
39817,755
18256,955
736,216481
79675,711
522846,72
90689,55
921,71
6423,116
8919,88448
440163,287
40491,37455
708422,989
87,27
91294,464647
781390,139537
292,425961
01,368
78215,836
5879,43
464,29
7529,1443
084,48153
740,19223
462,77
5501,76
32345,8122
9575,87
57,397616
48,4434
8837,623649
49617,41
5860,561832
64,29776
40,735
335344,812254
973254,667
207922,7759
80,7273
04,419
919,81
14,3919
156,12818
176,493
512,55
2442,437494
90891,349212
741099,2383
24511,32288
308629,64
06,37
31198,73
3025,85
1019,2562
298,57
15297,715
2670,96
0310,9654
34212,733971
625612,87366
79055,389
653,627
9676,1897
34,79
722166,19667
027900,72779
069,3797
73,164715
23694,696783
13114,582
286611,84
10,873
2074,85259
50,92
617,5391
040887,85
68,932
47,68
8493,86432
63712,23185
39,84121
737,161
10711,311
49499,214853
15458,7589
68097,1144
76,99995
783091,476581
54,544731
5068,8521
377,67623
160069,177869
9307,4421
842,498829
449,64
114292,5839
846216,78
125558,149479
47145,125
83087,32769
6203,955
5225,558538
16,6331
222765,264
311246,77474
273,676
1763,372426
067,818
993031,952869
319,788
78666,19741
670626,439996
25029,962
2182,98584
09105,628543
92664,94177
345,6588
91897,18
86773,83652
086,37136
941,52254
75,45
869994,871
3767,124
702,7144
467917,142
09,7518
19,53915
3085,599631
314,182
083,3655
712825,51838
04387,4995
99988,997794
72,385
567,77118
2023,1492
49,889795
71,2325
1586,8887
554,263583
59051,273
707,441542
899,26
59,32
243730,917
79,994
20,46127
296,4796
21220,52
010,52541
76,63
98172,671188
85,25
264430,292
41,66729
26,31864
805,19
6389,82
710118,868
39,531
7969,38
49,39487
36,984
240029,215288
6402,7717
6933,571
20653,178
56868,319931
4997,269
97,2991
2345,737699
4137,1277
896,48396
724,73
796,24
63,6236
185698,38
150,8781
010116,5128
1141,83
343,5618
21,699
52,77872
1059,32
117,46686
111,873
07,682951
9111,367369
762980,17985
829810,7139
43,23862
345257,9192
15692,634886
09681,173
70361,54979
71,232475
3389,66133
412505,97
81,62118
102,93
0724,54141
73521,6443
304,69
59779,3472
9756,655912
471500,98
787,59
233588,291
6294,77532
27185,985
622,213184
1673,12
9535,53169
003,797114
62343,652
9821,26141
06,51
067447,47
91536,39
631700,392437
09,34887
96,746458
7504,37
0804,4146
16,48
58837,6853
615,777
29,362353
92,88256
62586,619
10,3336
654093,3322
37,641782
491160,548287
3971,2742
60,33582
7444,677
3025,9758
76392,2277
71,65643
468,169314
10,15316
03411,439227
56,93553
9962,992
97279,1322
8013,368251
9237,732587
117,26
6964,625912
11957,35952
0947,89
085470,314
9832,866
02148,153
044,678511
9485,36286
892,768
250090,2333
329,534979
481,27
99,92122
85,51
75851,4354
90421,188
72746,72745
72,3417
66,26724
674657,37
31345,43769
03583,6165
51596,2633
1112,8849
038456,935
054717,2946
842,779981
800,94938
00103,394666
244536,2198
55,9845
891,5179
32028,343
609890,393735
64,391
864,71817
702570,73349
30671,3234
293404,734343
996,843251
414029,68
67102,98
988,255384
928744,291439
980,212392
71,44738
0894,42559
83672,6557
96646,15218
692,557859
2603,3449
996,2338
863921,362347
34867,9356
355,287155
99,76364
875966,36641
1958,638746
90420,4881
914,1411
859,975417
128,712
54,923783
22,832355
347076,38
31,663
905,735199
0267,117854
16,228
67916,73932
29,52686
54,71
69198,481543
31856,7315
080,97
2884,5895
88703,1987
26744,891983
2395,25
84,599
11039,71
207,168346
33842,878517
531766,5291
61421,53142
377,246659
70665,839
932621,26
4913,78987
09,23916
61525,845
10496,457239
073,449557
47205,58
337975,93
357,59235
58,568637
136,628441
165236,351
806164,74731
6240,4132
0672,482654
5784,152931
112,86
637,679488
106560,5242
54,385462
2213,45134
05,377
846,245
086,3591
05,27628
84285,957256
490,588
71,2775
50,284
8882,325756
6282,81
888205,929997
00597,113
034,73
51656,59
00,744814
738,67
52898,68549
0499,98
580185,86
26221,65
984031,743394
71580,35685
56132,814
1679,66
532,38243
4532,77489
299,561
19073,317
211,959
87,45422
07,72
52464,212416
27648,411493
676,444
3524,65
61,537
444,554
25440,155
611,829121
6954,18
127495,242373
31007,694842
37071,358
61,35
24018,522
473186,254
21,91799
848382,866
0080,92
8452,3448
898095,861967
314,6387
41,595851
15404,61
430618,763
5936,47949
941482,646
908448,697783
99836,65341
98,642
571535,251
841690,1122
237,72
72,63
6829,8894
1556,2644
36004,448714
69965,253925
53062,67525
607,22
470,56548
4567,45
4919,553646
24,349
09,83
981787,586914
0820,961
08,46
787010,3231
867,73925
442668,2972
62,6549
9787,634
883,345371
68,61184
7736,99261
6016,2394
5408,6482
8564,832371
5004,598
81899,2331
41525,48597
071615,187
379249,86757
26,98444
89,879
9543,4746
491,77966
656,564
649110,17415
987,92655
1683,93
241951,294
78,164
592361,494
8790,98
183854,25641
72924,738
72,6437
364,386898
236,69134
030444,671779
7728,34
796,9496
862,19195
381,783
11490,43
7713,137
76921,817912
2868,764
40,498
871,19729
999021,43733
293053,57
29661,49711
247,54789
305,229
92108,364877
174,2399
86,92
84154,219
677969,93
11182,147163
606,245
2547,88912
5644,56
7313,283941
48,642299
03,617
14,37924
55,321814
88572,1275
853,72
306787,393145
27,52
349397,753
43199,197
62,66226
133569,577481
9828,9654
727,23579
699038,728
110375,368
946,56352
38171,3195
0866,9313
6992,371817
67,432868
34279,58969
294963,173935
338235,647131
856,5154
7969,53
96525,12
231,57971
785,751
6693,84855
93969,4547
736149,367
814,795
6108,856
789,4433
3141,47799
76,657322
419,144658
428,821281
17,55
659,95131
246,4583
2562,375219
913333,93
259,17785
0202,856212
568249,186316
50948,432581
895930,3526
71136,581225
181,59
123,436555
7718,42
244,53275
3693,712268
237,63838
152161,2631
90964,285
57,2373
53,11
270430,14213
073,659
9898,834787
6478,52
3622,334699
85,64524
7554,182437
23,58516
739,88581
09571,428471
7729,939
50,422
93,25
668,61
57547,61
241515,875
05,398844
34,14
74161,38259
398704,27
518,274898
613,84
375,983
1299,915
0426,333398
19333,5174
8727,356
6706,4164
99,37
2827,724
51973,64934
6977,21967
05194,94
12433,479
87,3828
05,3665
9404,21
4542,888
61,527
24,18
069370,48
7921,4942
96,447247
9817,475
102,376
837533,84
285379,15
594216,119
63237,8653
8684,3191
8261,94
764210,195
54274,326
15340,77
527812,353427
3857,71555
316934,351332
154948,4577
246,4482
9926,35
959,528676
73,8434
3255,693
175373,84362
081902,8771
56282,8734
86874,5856
0594,96952
082351,81144
08890,6219
41,49
10,27248
913057,41
96,753654
5497,643
485,2863
6987,5378
872,532383
694620,39
79,2722
62323,67276
73,5468
496252,7444
111,172
436420,85927
18,3299
3377,62852
998,6755
403423,819
25,89
242,972648
467,3467
42,327
847481,342429
62582,165
04134,77223
234,89713
057181,52
74613,52
19,34177
504,255214
132,16
1501,2482
9467,133
259,72328
549800,2681
01739,62582
053413,97999
98,254285
208,47
78644,715
215619,57424
15,21518
86,538
734015,844
648833,598616
7475,785
704880,45926
006997,8753
83067,74659
3799,968
040,44
248075,324342
71,84
121599,82633
411,33
664502,214972
04628,27
316,86585
060,98155
425702,948775
9591,451285
73201,2446
581,8757
7392,59
08583,8232
43,768
5963,1468
9763,21
08,21
5878,32
533112,59559
897,498
09533,63
98606,14684
456,776512
61853,5737
12,669
95,1675
71,7498
1017,6866
69,71966
06,71869
225,169
993415,7893
910,531779
517181,821694
286,458241
57599,286218
78,68
842508,769
8337,329
81,3632
266,988595
31,36
768,48469
9592,523
68921,867377
9560,38852
6796,77448
155,53868
9683,61
0668,259
39634,19
98734,4973
470,355964
02,894349
1923,717845
89,185681
07,376
42,926
44,915977
71,55
2566,3492
79,8348
94,17
487,97
15255,76613
78358,89
21383,353162
59,93
824,9847
36,756719
75129,86186
209613,8547
34825,221
994634,68
54633,79
66,728
9415,94
63,359
918665,59
8471,982
7352,16977
9181,195
79577,1164
143018,13853
75,871
77985,5326
899,91
045687,786
605678,79
4947,52
193015,8449
96942,74131
467685,38
366016,26653
171,418766
341135,87
845155,74
063813,556541
58380,8659
518,991294
62,631
01036,415532
1401,59
20,6297
7540,982
8178,55735
488,135
17303,348
1265,476226
9585,2318
222,28
75,435984
17954,66
23274,561
36,54718
61501,713511
09651,7823
07,84
14,17898
87620,56884
06408,74356
261,16
630448,7214
0581,953
996552,44
16000,51
81,65
974092,85
4742,4454
409854,121
34,229
435010,8464
85575,36129
60,599811
34072,69
571,58587
24103,55333
575,546
9831,13
333,79
7615,97
68,97
1187,74
163951,69
091,66577
738,5184
334,64
39,69
314423,62
712,11
7045,49
458,479755
49,77
647710,3191
60722,6355
33,3453
645,57178
182,428
183715,7346
203372,3878
266,499
21,43568
24659,85
449231,287
63351,345
39,242
93,16
28,859644
28,425566
250,163
31,24396
578059,162
0318,32412
10,85889
975104,33477
6646,266424
41,824757
592134,23511
93991,536824
748191,264489
479709,21
47325,139
63370,662827
6811,118
454,77871
263254,93137
767,48847
82048,13
5881,76661
92277,96
83740,18528
5032,677
837555,929799
9673,13431
082,4344
23092,312229
1431,53
874030,11
283,447
498,3982
12,5438
3800,25691
698,93
76,2188
09158,59
58383,247829
179,77656
49557,77
64,547889
4920,7138
845043,65
66489,8654
013,5453
50,22
47017,426878
9603,481143
870121,437865
179324,135
069513,521
199683,58885
57141,34296
92,789
525292,48253
411,6444
118,25
3949,2566
74,1483
22,4515
08192,316
492862,579
72118,316
3911,9837
3735,251
830,689
601557,64
673179,856
6553,26714
60,916622
14,193623
96668,72
444,63
548,77
8080,594
96507,81
14380,356
95930,289
074,9367
2944,776173
7250,947
666,351858
19,9387
22,18
34,294346
168905,739235
44,35383
339,863113
2586,41
16,74365
9736,7295
53152,368
79,536829
5841,83
08350,5672
2639,3853
90,73
0698,869
695644,674
451,784
10,951
513482,456
16184,59
1970,67565
81683,573333
8739,75
55,57
017,9558
07483,48796
29,244941
753255,38
405799,72
7145,67
2974,27225
593771,2882
42766,943274
532,57141
9138,8862
27,54275
796,2924
7114,68
13433,69
439,14344
91621,162899
31,3893
006237,2148
45,141552
3494,968281
33277,329192
96,69
29502,493336
4767,72
842664,874
5071,812577
28,98
743503,8385
873,299725
68,182854
065857,6838
131,554487
20468,669
68,66
594349,17899
1035,7375
77048,75
40,1743
078,32
56710,9938
5282,423
859502,483719
710,736
1416,8693
73949,89499
78,949993
01983,7465
63868,739382
849,22
63,977312
580,25
944799,423322
759412,4734
2108,79
8896,66
56,953
86,62264
11497,78
00323,77716
6883,799745
38,75
7717,713
276854,9269
271,4669
896,899862
69866,445455
55,2164
347113,91884
75,4359
17,66
2424,76227
4315,15151
79,268655
10,41319
092118,951972
52859,66
908365,6942
228793,5641
55238,257766
672797,3287
290,52
563,29515
31,14
178,86
27440,235829
062420,74
65748,126466
752604,899233
984584,31
92,622
789410,777344
507154,41
79,97285
06,4655
762,9387
154150,751776
17,75
40880,674
650721,1246
31,145
887093,6297
637234,39946
3019,446511
59,5286
582,194
621,884738
745752,4698
309220,55894
603,7458
46042,897
54,293
559022,429528
001954,7234
010,8697
016,8589
61,824
798284,88
51602,27
74,94146
473881,612529
6034,425
4694,45
72,73992
4058,142324
25,791
582,55817
687,87
29817,459696
21768,22771
051,43996
345,751733
253002,77
14002,8938
03686,8928
840,23
57,388263
016562,476
12079,7971
268,9999
87,46
47148,13
806,63
94532,6538
9568,536632
56749,48265
844661,889494
92576,881248
391352,8897
9505,688
51,7945
8595,19588
245709,44764
7543,5453
998,9644
488565,8276
83474,635
312170,43631
29117,3913
8163,372292
26,173985
94470,82
255,13
89,6792
167,499
808,35112
8151,462
6532,72543
259910,21552
862719,261
540,9496
8577,28581
07,4141
201,4472
60,28
0282,572
6590,37996
96623,946
72118,44
996,682615
0413,67678
53919,463343
23,387
489,848
12,1297
0669,238677
548057,29
790481,1848
190,9216
33,58
22488,143219
0001,75
329731,85
1382,47648
0342,9771
4805,763812
160151,394
82,157758
04,55362
75,22139
99754,354718
79,18
955,9611
14,234386
91753,4191
380937,7589
1846,64
540494,41977
793602,66
12928,46
64,36619
388658,615
375,764
63,7189
387623,82
2249,542736
4590,89
509,83745
1930,97
925,985491
144,9333
898,7183
391873,89
59,16
98127,5723
344,9515
25806,18
76,65236
010,5659
7572,252
013726,414686
6971,5163
30,9819
5012,2298
2401,121
28,5481
673927,66846
986,12978
90825,39416
601175,6435
32,51
54,576
40,57798
274,44714
91756,383
4622,69
5703,1779
14,9785
641,38
593,75735
21724,231
83115,81414
44483,452269
244966,62181
91004,772
69,9774
54795,396
394,9957
9935,3156
57661,2945
44,34429
049,592739
32817,847
720124,86
672,394
165,778
69479,385353
53,337
62142,18
398,5169
315903,976584
37,482
54,359
3812,14633
952,42885
83,651879
682957,57
724642,742
17,677
7435,74225
6280,89
004,2856
87,378
66,592
7969,9791
674,13138
94284,72
651,271716
24,527
443,254
8368,761
35716,1497
14357,67
462036,4966
547,26279
3661,655784
57332,835271
8132,9216
907896,352
485,416813
77,867
46805,355364
159874,8266
1206,4182
619,34
4941,449366
23,52943
033375,5693
63756,428
9147,57652
815,719
68,245
914097,567
43,199339
2230,544
18,63
527,49
16265,569
77,4913
1770,71539
71,97
336968,443
852,921643
660980,522
14469,87246
9684,946394
00797,325
90,14485
992861,542
869241,5632
138127,91
9400,7315
705,596668
765893,428
034257,184
61,771536
39,2232
30247,66
71,59
511279,28
47787,8769
28543,17175
61393,582
493638,24459
52,624
2908,48956
092,1297
2912,8475
522502,17
29493,21
11,94489
960221,14
00,444
2269,51
50,53
433229,41
613,968734
14,196915
93,271
112909,362
92,633
40076,55
639,761
4300,68241
93019,826
428,96563
3718,133353
357767,16
1286,52
2765,591
14,433
96674,85193
702490,17428
78992,42232
5239,9626
03495,7454
93588,5123
489,176
41929,41915
524300,552
14119,7727
85905,76
20,282
6831,269727
87759,3523
057,852
556,265
43740,73
56,527551
71074,645269
47969,6258
588,8158
059,7665
21,875
9374,89238
97,71
15,9127
950072,68331
622654,2567
8241,661428
511885,48731
42,59
36413,5898
90344,244
886,655
338961,83
86458,733885
72,93467
6905,87948
65,99395
143485,81154
5341,25
218,236756
435499,51
36,88
67,476485
97786,87
10,659771
30,626
749626,895
213,694
481,677
60,47687
39,83
2327,777911
902605,551
6233,52854
56,166
76,54574
234343,81294
39803,1712
5054,16
7802,97194
68062,7524
878,98496
097,9315
275,141
99508,795
484,61959
839,2851
71628,39773
412,528
94,19
95,576121
39893,66895
30,9345
28252,38422
320,58
09,348
460,65458
451444,448713
575,5563
32,14
25144,8939
58567,31697
03838,7562
48591,9963
14,96
407,51
031954,755
849363,611
426,26836
372951,55
2880,82475
050,8356
096856,714
83,3497
66545,222268
260,83
60,863
294,61
7007,578
8809,435
12295,214
47,379534
201,18
429571,8567
14586,613
403314,95
566,736
971896,7338
4368,93483
688,55553
3381,41867
5356,562144
41033,4817
658,311
907,7746
5403,148616
28,1133
476,819
058,9957
7962,71846
64890,294
93592,89
9993,38
88,949585
29,63
622095,74
8079,64
8095,94381
818,6763
93663,232188
071882,537
586,66
45751,54
4295,38
2991,83986
527167,99
920481,68
50228,8257
92964,359791
271,46
57585,9591
540301,29516
37217,26
119,14
150,43
53,69338
245262,8322
8437,439
285477,113146
077642,84
54,988
9250,82
58,394411
08905,755
106,35
05,9427
51488,74
94,451451
43405,11
768,669
02920,491
41,27
18,571
260520,993763
40580,25478
717678,138
92545,226
214473,687384
9761,4775
408,257862
87462,95815
7116,697
2456,672
409,1695
59,814
85937,128
088959,27
87,899956
20800,77599
3103,84757
0775,45
99355,6218
69,466811
5693,48399
41366,581
8971,85669
303,359919
5015,913643
0437,6347
412192,11
802874,861
1578,849
776726,7657
138,79583
022,9574
0461,393896
93,88
440483,84231
64,47281
286,83
52,589
774,235
77263,12553
107,834832
644,462796
8185,435323
22347,25152
43294,393
50,364
3323,62146
82,85
2395,48
29,732831
7784,934545
6380,67974
9822,445629
017778,9175
27,198
77596,9915
255861,11223
700874,898142
7601,995822
08,24
399819,16632
00519,48
88709,199382
966,3387
11914,22
668822,865
298700,39
593063,86
523428,454987
687,333659
18,6988
8250,213461
81,67439
002260,13896
640508,648317
635762,88367
16876,852
2249,941
7574,964169
96,48143
578,78448
238,665636
12,24
258462,5814
161,48799
69,12
840,93836
20,6561
4634,33
80388,245
8858,2618
3087,896
752746,71497
51860,6787
272,41949
84285,93686
5066,314477
80,39299
762,481
767794,571264
926,9964
141433,322217
4226,436655
025370,784
0427,14
84024,7522
38,16
01,6843
6159,712338
93,566
977,3216
419,1881
3846,196669
704110,631
00773,76
1393,337613
513443,681963
39212,26524
61,86773
95,9856
9611,723239
812251,65547
06,55642
94393,67
803137,443969
0837,49
362801,68
59947,549
47,14943
475954,515984
108,3735
49,11362
31981,189745
32516,75587
414055,84518
193374,751982
459791,952432
564,493
90,121193
416808,3736
37,444
7021,78522
52917,716
305,7471
875,755
624998,87312
201826,112365
94,973364
46033,14914
14679,68752
40037,63744
38,179
602468,36
701218,6342
12028,2563
62214,64
497,7234
731429,6381
733,659
98,24
591,621151
283,56626
31592,69639
8769,938
94,952
71,3662
254,12482
138235,528
924,66799
079133,31
949,24
178892,361
62,6143
0320,557495
786748,5283
990,185
62,67281
9727,698743
66526,48
8120,987115
369766,56
403504,6546
767252,142443
525,317
27,46772
19936,335
155631,9818
97,5415
8974,69948
69757,846539
977,636
35,998
39,79757
21587,52
08266,167531
915,7618
212899,681666
854,892262
341532,856525
744,345989
858,9373
2151,282
211,56385
79,481
795,276
8109,96181
0095,562697
44136,46
609485,2943
268,85328
84,277273
89,5857
07,356
47,432
579,9378
772164,66
865975,258
9242,69475
23,719928
79540,63396
734,939
67,19
18721,446
75639,7939
907601,39
85,149878
989,71
4832,7344
354168,816
5021,172458
461668,672
63,2699
64,39589
07950,7741
822736,15
19263,175881
19389,889813
8562,46115
441472,1817
98,394843
69678,15
8789,417
14,783
914496,51226
16734,18378
34,523
1575,466162
5457,95828
103135,219
6646,722
001,731972
784130,1325
041100,853279
91797,79535
66,2551
544282,32195
28646,87746
082485,1678
937,717
8235,48428
380279,537936
738,41559
086,731363
673,9263
853106,796
32,58
86546,2179
60,9869
6902,93
1141,67842
763,21
16,53
951,653437
13,129241
3569,3948
09,47
9445,75151
726681,94
9469,35272
1887,1719
32743,862147
21,268683
994,9311
58670,6141
609,48
50599,96215
84,16
87303,65811
9648,8124
16,25
99428,78
543,831265
0477,39422
828836,18
644,47
216,958
024470,34
8505,85521
730736,41
74886,65
445929,79
11582,89596
333,12937
80,291
890851,269975
270,778
57,683
13,95571
92880,93
74,36
98736,4584
393,51
124283,73584
8555,65
925325,7959
76,9391
257700,123
592867,747
392,3977
200,39719
31,645
89930,71915
1241,513
02,99649
83,17784
3967,242216
5713,2866
424768,28525
92,26
770,74115
89558,149793
68,722647
915401,6364
733,57
55725,495562
9338,141228
585498,14893
444,883853
496,57
44,3978
824,118393
806423,254
637023,19342
39506,132
80845,982688
950,254157
95099,8797
323188,94
722423,225519
14,235
436994,433748
3909,33745
25410,46
7028,98833
979420,71
6512,91
794277,91
606,149
83381,8957
539,926714
0102,66749
01,634
7943,397148
094814,799995
93443,819
65,19
65,836278
496,13698
41835,432
94,644
87302,427
001,551733
176143,4734
22368,67475
87,72521
466,72291
83972,165381
81103,83
49122,172
4149,851721
214,255317
78,873924
09828,7228
3470,412
32295,392461
39,6799
57,8672
57,57
632,377627
06,13
85,39437
947,495169
9684,33252
35,486742
0123,626432
761589,94
1440,98
5046,8533
132591,42365
39771,91
48,93357
865455,486263
151743,2232
57,96
63,4654
30561,42
22974,7522
64,14611
48,2988
29,629
252,92726
8156,543316
660,31
9274,424831
7019,569165
298,38
63,12947
333,34642
3282,317148
0677,948932
852,489171
6345,69
79999,72384
821,377
30,29
704316,42
63979,14492
6847,13
87394,37
223,862532
44,3886
12,782818
089215,443545
36029,698141
399,4395
685787,8897
470,8222
7931,94
62,61
149,6642
743,5956
71,93
104,575
633,8669
3495,54889
162711,331
11328,9881
344,173
947480,194
9747,111
318,95887
734,383
5307,76
72,657
67,573
674763,49
40440,5178
311812,444455
14557,68
994516,393
312,57
0310,11653
79682,86949
5964,34935
589843,427
63,349941
460,15934
403,1124
35350,51
7402,42
81,5359
292,359
793571,885447
852,691725
50743,37939
91946,9942
671,272
13300,85538
935,8322
384158,2115
320717,547723
68315,144118
0598,8548
86,2996
44,16243
68712,68254
5539,7127
619,76
73308,52
15884,973
373276,6934
73026,822
51,598876
28989,59
77,437157
0888,9684
62,26147
96,121169
84216,427
756,39
49322,428
9199,34366
831,88
15746,766
782497,27572
27,98887
46751,895
67,921
048386,89562
144450,91
313,433629
915521,9168
17,2559
69,85
7474,99148
5974,7922
561714,66729
472437,93
23878,372
862726,141255
145,798
05,33383
130,7152
492367,94834
099882,46944
866,9477
09,542
896675,5457
5542,46819
413107,73125
527,58
74170,18
06,999
93,463
38,23342
2254,565935
746769,4213
77,37
4949,569199
1556,3547
414085,77342
7987,77
355,1353
7842,7832
74566,16
5701,55
37,318
185674,991782
912288,478
1535,5923
1227,264
9730,62
565532,491456
605209,78
47,311671
503,74
738939,67339
368,43
75581,279
94394,16
386,646435
70,62
724599,43421
8205,719
5335,7458
5653,81
61467,1461
571,7239
72,438414
21,1181
96,64
898,738826
07,1185
61936,33219
011535,33838
45,31
14,255717
1084,777
40,436
80,174
64905,5642
6883,17557
228183,463125
52683,2166
407185,55
450,8166
63119,896119
0700,167
186088,748
040,65
41692,34379
0847,593
164115,28
11466,13
54064,46642
31,7434
47,46
5638,139
673,43
31,67
095444,4248
933,178486
273244,489334
33866,943
84,585
36,43531
022773,6382
04374,13933
73507,8552
24051,31
108799,37123
726082,67
429633,82133
16,9393
58168,9124
3929,9873
50350,2789
101,42
733742,7615
352,52
85,94
83,224
37831,4818
202,19
92,71934
04,713326
68,7959
840,348
4727,27389
12070,59
307,51826
587152,258
335230,1873
2562,622119
73704,313
404,54293
739935,878871
14127,4993
05662,37
372005,3961
146333,145
856,48
6181,1587
14772,2563
64436,92996
012923,14726
8695,741755
247058,137
61012,45
753209,23
231,4546
17044,4784
0560,47997
340,671
1881,28521
97111,626
705948,3371
39,615
934,62
0356,2983
790059,56459
79,236988
58191,978
4158,498622
719739,4158
437,67281
386,9961
10838,723
02495,595251
22049,92
291,29
15574,4317
923242,1628
7056,675833
12311,283138
592047,861461
1147,362874
051874,72373
53,18282
827,11396
796414,954
83842,24
6270,371754
406,3196
836,44
451,623123
10,977
70,267
445772,729
9047,1742
280278,1521
07999,9157
187,6929
38102,734
831753,29
740,84
71267,221
471975,94855
89377,6428
4307,9959
313599,59
8310,3154
293,725765
330,78
764851,689
301,8144
8568,612294
105,899857
7722,77315
59360,3172
8150,2982
863340,939
602,34115
35,111284
65,69235
5073,273
490,99325
114611,286619
1970,7484
7219,73383
213891,963
20,92534
20,33
84590,32
436417,885977
789774,92
234,85855
56265,636
1260,456
231,436
974623,2435
8740,722
55,1287
389884,85444
046,6224
74,17969
79,82
121,717
469,98
723,1644
09852,492
11364,2913
0657,5111
703407,939
29,734
6312,77464
8742,84514
717,499427
716,6956
72951,469826
48,2337
4731,7678
161,8528
06,123338
242,47
298,1655
3340,51736
57,7986
299,598711
2137,417463
040,16584
38,235438
40071,858485
398,94
846,5686
50,355923
78,911584
030,42
63770,928
74414,33
748157,913
080557,283552
63909,375
926,22
91,19569
69454,21414
1861,885
89644,56
73,96
08588,59973
47,867
18911,377
44880,27357
637551,59
39,441
43,937795
879,712159
26,759
44,873
773441,877
92,497
6795,787149
565,95
0425,4976
829412,5288
913,457821
0415,626
970,49
76,83838
422982,244634
399,654952
457403,6836
436,36447
978,4195
596,489686
681,81885
276400,24275
958,71737
27,554539
7580,968511
79078,614
6451,418723
54947,1129
554106,38
2048,99
140,862
2030,62212
8494,145892
19,288
46,3742
088118,2222
453842,61217
72,59
1686,87966
433196,943
913,727469
9737,24644
917876,687
929,282
84,14
70454,887489
494,544852
87,44
772,42865
20,116
08082,214134
11,19986
604606,66
6219,426
224,62432
80552,8286
526575,47759
0209,38278
59,2373
04,97183
28,299376
752,319855
227,741
383,15265
01327,39
769,31
98849,771
924152,48
719,81797
415426,97
631267,685635
530,44
128,431997
548140,26
634838,7276
2062,39817
3760,784
49375,26
968,63
448052,51
29,35
94520,49262
35266,8658
534634,496
642187,751
875342,64268
43669,635167
850,546571
41,349
8615,77
46,43
4376,65
0693,2327
73479,81491
921,951839
9952,31
601003,974
61,436
8006,615734
853,52475
47,268
424751,379
730211,356954
2550,37
1049,75
627,2664
470639,2379
24756,9584
16,52
4759,1568
84474,4982
0975,42
79412,149916
9562,822239
34,353753
160561,69951
290,725485
767629,337
764,875
0648,711
88,12482
686,62
22374,4443
5009,39163
87771,52485
977924,51
75596,5251
291126,9892
85814,911
3177,1342
382635,966
62,1828
331,793
84,71
9040,7595
08909,6356
60,454
092,863958
3749,9579
403,439291
98,779
0814,474354
64017,81344
0377,761
56316,757859
39055,22
9568,85974
00,629
65567,619
923,297333
177,38
522683,13431
0287,2328
5779,293274
19000,372
874405,89451
545533,389514
35772,7744
1921,7441
83345,81
41735,44
933872,426
23,9911
06621,927812
836,91
92897,71141
674,84
38,931
312051,15494
271773,863
15,17
5875,6662
289,274249
72,93
545816,12
713059,9449
503291,386611
4240,98
2108,554844
678167,2839
51,39271
044368,73638
3205,5461
672395,21
052593,663
26,8765
8097,61339
202071,92375
1175,853
203138,457
57057,98
964709,5396
4880,997635
2386,82395
24,223
7097,916
42,15
204144,6945
246279,73
21,67354
592992,8235
02,2595
296180,633868
9364,1366
64,941
274895,16
51907,52145
50,764758
6136,4549
652454,3966
00,111642
24529,6587
404060,6121
9392,219
2151,4738
4823,99683
187783,441
75400,4531
74,4817
801,387
65421,416668
399,21
621204,2251
782,3372
061287,87
1628,6612
6621,951
03090,34499
94,188599
7946,483353
72651,246
6232,382731
539,252526
19,615642
728,347585
10792,25
47,399828
3001,811
0745,293
839130,112
95,5259
42764,39528
6096,92195
3373,638114
1753,123675
4538,753
3477,767933
75,5899
0768,6996
41,5563
696180,316163
020385,4453
331181,9313
62,2728
60427,93
83,3196
91,292
849,295
7093,54788
41,29487
28,669776
8358,78688
949229,4185
43196,542
00,43172
69,14725
04753,313
4496,475394
77822,42
5093,458
714,68927
95827,144
7887,92
804960,865
8112,16118
935,236644
7882,1826
00,45819
4066,9869
5190,992
478641,6767
5033,9672
45,45475
071248,22
2512,29194
91,928874
253,439
57266,3555
78603,56
86802,47
00924,18739
024477,38411
05812,2126
21613,882264
24,31
47,32444
9238,47528
11925,82634
64,831
415259,93293
656,14
1626,62328
077,854364
6636,113
895,4386
824970,79543
8873,4798
31,45
32,14218
441150,9411
9466,859
10,812991
2927,33
182545,8713
209,5532
6371,448391
5941,87916
190383,139183
7794,487
7782,422836
313512,6278
86451,11
336,11
63058,5112
0054,28
138708,48274
737,928632
2063,57882
258,22673
75055,9978
051130,29
29193,529598
2863,6624
382885,66151
63,497879
05090,77
343,672
274365,3122
27,41984
56297,615672
482278,488
85,27
789075,19
53,152843
63461,92997
763742,175499
572464,638
129,969
3289,198964
0571,88
40932,518822
35644,57
49,2689
64,74165
43,332
942,334
001593,845817
635336,495572
338,33699
719901,1628
62764,651
8080,82421
9435,493789
665760,192221
68,37
26,5777
290,7946
32,43
58747,62
40,73
0538,247818
29788,635
388814,21966
40,89
075460,8197
5903,92389
89517,48635
65,473194
137109,14724
663892,621119
8452,961339
386555,55
730636,869113
486,124981
2119,719496
549576,526
9383,2144
885,66
756,7471
95,8694
967147,228
98,878
21556,777544
03555,77656
936837,422784
859,995
983281,341
59987,755927
926431,792
49407,649
105703,872
8939,89
6262,19292
541,831
16,51
5383,459191
11,38559
1280,7374
185,421
18,7957
470,442426
07,94329
25982,78
98,177
32205,312
4258,8425
789,26
87705,25416
27638,24529
53,62
333,63862
34530,135
7034,282382
242,79
0919,22794
3095,2939
6439,434729
20876,746165
724258,218557
27,87
622264,337
1640,134
6774,7715
94479,5977
6907,3629
607,578497
9598,38365
736611,748
095903,995391
45694,4498
754,45746
805401,112875
669286,222
903,124
136825,993
228,46815
34,84
4203,48
308378,644
91929,926
193,3153
194,39
02,56
428,65885
12468,8191
4089,897
27362,773758
7708,99476
89,617
342,52266
16281,62
48,348
92,33929
37,694
75779,638
45,36999
124611,1113
4853,6197
5760,9558
5420,727
81,2733
034437,53
760,19
518,844
509,657
82308,51622
67,27
96,59
6851,7176
378401,22
943590,9873
97,116178
16,5112
64550,3564
17,7711
66,3553
888,86
970,65452
94,12
34072,936
308773,62798
0096,285
60537,684
60,42435
071,26392
35878,37393
659,99471
9273,96589
8704,18
9347,233
4948,229226
569,5729
8591,27
506,65485
68,6441
50656,888
213153,99
57,11332
380279,56337
31269,4984
304177,33356
76,5867
19742,715
4829,2465
5117,77
060,527
30233,9233
342,832852
58638,555
63921,19524
657498,47
60,642
676314,575
608934,86
838280,63277
11331,6562
140,711597
27763,9885
6791,82515
2957,691
2908,1739
7226,945
345776,298
585,2254
989828,932951
8488,464335
04,877
81,722
55,949
4245,817
375,45
37,84972
9744,388
1475,889247
529635,933
82,845
85205,46
118395,24375
110,414461
50,435227
59245,21371
85636,782
01,471
19,68
274,83728
54099,14
102,3766
0681,372892
1272,71847
0256,236
92,817356
66,2375
1117,4263
4045,57173
67,9419
51,717451
28,56993
03,382213
4279,75653
60193,8116
88220,1398
63,98
262414,84424
526322,47276
23045,4543
01,57789
20208,157914
862,61
750920,73
34758,41
6082,789758
504,367474
435,636341
02228,7751
62,855361
0530,94962
094392,728
51,22642
19,661
781886,8397
67,94
98,943
485,566
54,487715
07,24
53898,63765
12282,72
749441,69
54,324567
03182,714138
624367,181
84,681
77901,28
81,97494
66,5988
8297,253213
257,81285
72,986
53384,2586
919,7779
075363,314273
595,222336
057,1728
5258,79529
50057,944
4195,96353
98,44716
24948,493
1915,653628
585587,558
179,483
996718,4633
66,66
01411,82
228,9465
04109,37
41,7352
6574,886
381,612
1267,883
615,814
234,3891
07087,335
1065,55368
8047,56969
837600,664539
111,85527
024,91992
225241,187
89,276919
3837,54268
8603,14368
0761,957465
48236,4191
58989,54
8958,2181
34,569
59747,917424
587,65591
979,694976
9980,114863
93,43672
66,6364
46,95
461,7847
4434,75721
4834,477
382,3531
64,447
044028,19578
79828,772326
37,75
59,867874
8129,314
14,12321
974,6683
48,82
437564,55546
91,3182
8133,487
21,724793
11,6893
4815,129419
906105,36
64463,292
37,736
934,82593
982,39
12580,54
68,338
77,978
778928,75182
3206,154
549003,8636
776418,26282
82800,16967
15093,91674
65,23522
2799,647
692,25
0517,664836
21198,269
704226,629
02,269122
6046,1456
97240,14211
935,9914
970,665373
98790,8422
67943,411579
94,92763
5381,63
521,1777
26,77253
46604,61
57907,48
7441,22398
90,525429
861,693
46515,99
955643,54277
9554,156
205906,435
60025,471
748,556922
9592,488
14,199
97790,5995
19,31742
414,78333
55621,57
6334,22
033054,54232
128262,468746
361,911661
007,8817
874107,12
490,696637
2166,79147
810,97
319,572556
687,335
282400,1846
85322,8845
971,632156
82358,4165
31,279529
136,498358
09,186374
22,88
34,66
92081,6212
16848,2195
254,9917
350122,86145
709,344789
1992,453
605,12
3617,22
2025,58
981,2429
11,544734
726089,7686
196,41273
843,161582
187841,8222
17,187428
01,97
971635,232
548,292968
44244,526
148449,86595
2088,3284
64,13
931384,322
213,166
855753,72952
374471,11473
5218,16269
9404,46
826700,24194
1287,18965
66,78
434097,65346
20,21834
67977,158
40920,542953
958555,711
64,933
4253,4244
838,25938
9896,398
49906,517
297771,898
403276,2155
659,56572
92885,31921
226924,41
040,42
3719,5457
18087,93618
198337,188
42856,1196
02,4767
44,452
2923,982567
506917,49413
31344,74258
11599,994919
5893,838231
381,679124
6522,26395
1182,853
8809,99663
784,871563
73857,52
1201,9777
0882,195896
029338,92144
243,54
27771,9613
86,36999
76998,38462
9277,542
0607,86711
47550,31532
1308,573875
963,386
5192,97119
2878,51
02,55
689098,14
60,873788
77317,321
2039,77829
61,2972
91686,56313
03,7213
7128,454
0622,85383
2512,585713
80,53212
01,166632
37582,2483
5641,3917
006068,62
3860,977
488,48
482399,51791
88776,437353
05,677852
39204,7666
154301,58618
833,6897
391,8814
16,81384
05,66
2600,87
7094,258816
891416,556684
00888,122437
08602,67
34987,15
19339,16
14,411
57,12331
00,269
59,116
18,8816
017,828
339,7686
247,93
959,2697
016,969
4139,56545
03445,797
0627,95947
861,55
82,69
143332,47
98621,52
18,6379
9873,314
7750,88
195,1264
8144,8988
97,577272
67761,19524
1168,686
038354,97511
86,72981
823,5449
17,75
72278,45446
077,618
7786,77139
043621,7645
55514,95
882331,8331
56558,2685
73,154
23676,124874
02679,11574
4094,7886
7267,96
03,86
333426,538
235,168
9557,2883
6348,79341
556,958924
418,25559
497,66
597513,366
35522,73
88,984
165,753184
5661,7666
17133,33774
65,312133
54288,837
05,921417
538,97
13,45951
84420,6379
094334,84931
856,32
242583,2321
484,33
0715,4114
17939,111523
65,4299
565301,75
22,944
951,5669
1529,892
164,145
0217,871
075,643
28985,615419
262,745
65482,6445
029761,67217
2773,886757
71,9771
88,5816
128654,915
3698,357838
18556,47111
460625,83
683,659
886681,752
53688,3917
5127,26
11942,32561
686,667
213701,11427
70,12546
60626,97793
407,98248
4346,65393
66,1254
950,427
8386,54
44104,168685
36712,83
512,68
16,8152
37736,7873
00323,29623
830,287949
650,88449
27779,91
76,82
649,592
595,4881
565926,71835
76,6615
734,657
77662,127
15792,56697
93,283
9962,32272
77,11173
978,161347
21312,224785
09,27115
992590,7385
018469,32969
54,924188
54397,49
312,31
11,467487
09358,314
6523,26136
13555,847
474616,926394
892881,7525
4370,172
29958,8798
89798,64869
7995,863895
746,38816
316,592512
04246,2671
205,315
09436,9871
026004,3653
886,1436
53529,712447
8344,8661
805303,543388
961,9192
075301,662
03,645
370349,61358
918049,91
02492,68121
017280,18
223,329
04556,971
142,51293
25,4156
66328,187873
941805,591
8224,15342
83,3698
529091,624784
4074,29792
042471,3763
6780,248113
225,9915
70,3712
36016,44
7226,781323
3797,6167
530,6591
90907,86
800,7485
9580,2675
016543,7379
161,59
93,11742
25,429
185,239149
05,77143
13,688763
25840,2168
81,258
231648,1488
552,91
981875,61145
033,6188
624690,94
95840,716428
02,392417
5359,92
433206,595656
038410,836891
002,59298
39,7157
31558,74872
19,435989
82171,297316
171507,78
6909,389
407490,72
9288,35
45,5142
34,88
73981,64
917195,81
47959,765819
819706,678
75,172
1391,91
5271,65
59,98597
93347,582
904639,577863
1858,87
0491,59648
271,61753
4150,91
6751,213436
439529,42
62,353
8328,57
68,75424
32992,344686
833602,867
31,85396
39,75
955,798
1024,54852
13,668178
9039,661
1569,65768
77797,8819
361,654
5556,9862
363943,973451
97,8893
78398,2282
197,483
8222,39
1043,577621
836237,6994
2001,83456
99804,975948
74,1639
718972,88433
160165,45
326,783
313410,883257
03469,959
8297,752
516492,296
92111,745
61,137
45602,73
9279,2484
29,521
298403,5531
92704,513948
557164,531
5576,6498
465912,536
2200,299264
59039,166
108780,453
659466,635642
61,951
988,8763
7828,421257
045,35
1183,37
841,65578
071639,36383
55,194969
372,6914
545702,966692
7028,44351
660,54
014,846
46,262
816222,335
52,5268
1425,4575
476508,843281
498,42393
78656,842
96,528359
526015,4899
811311,165314
368329,513774
02099,3429
448613,556
84,247485
127,64
629279,795
7483,455858
940,74
8518,867879
61,27
5795,142137
519890,214
5584,35168
31091,619318
034,52
0706,173
835,9131
87,87
574,215852
15084,7533
374424,917
61,81
644,838
37,932
654601,65415
788,672354
815,7145
9120,282253
12683,1745
885194,77
029,73
01,154
600,214
880,68
79,12355
57,974226
97,87
283,64855
26618,4267
1199,25
8273,359
387,47917
36545,2186
45298,78
136037,96
5531,68828
05703,1763
26,37131
374970,94
7235,11
48,35
382,34944
9012,576
963197,4981
168,46
016188,463
1969,7434
505958,399
44051,85
278,9288
69385,8771
66,543745
2521,7749
231,14
2141,336212
78357,975
60,64
59874,54
4943,76
669,94913
2391,29941
08,16
661,832
54858,435851
860,793796
89,68999
3984,291
07179,29125
589967,42462
58971,3734
428843,2745
485755,533846
5866,463911
98811,4489
315,361413
75502,2375
98,11
2254,555
495199,73564
9052,123
73248,2168
96485,297
904167,44114
6491,52834
10,62
097,452
13,39866
718063,644
2154,326
26,99551
799,5784
51,46377
798793,669487
15341,58
0548,696
2807,846
774351,15
73,276
14,726548
99,232633
11,6131
08675,5442
753968,546
9732,179
138467,335
3866,277689
852,624
438291,127
2351,528
343953,667482
70118,39
116,57
552934,497
640,639
3408,7981
32,962729
852923,45412
530227,516255
0374,86333
5288,974
372,516932
38,97
430854,621
105585,63
599,9759
1879,2976
7632,6418
28,2382
913459,3221
05,146665
302,96
551217,59
8068,4719
384097,3287
95,711994
80,61
82,57
33176,179176
99720,39
6759,3128
068,3532
563,324323
9782,3973
38,388
83,589144
369661,648
07433,17434
738,944834
189575,836
969,68815
561,2732
579287,61921
66312,5739
724953,43127
99,447
82,86499
56472,57
0035,383
2050,322981
672131,32
76,84
3656,641
9173,619
5619,597334
718501,573924
96,639
806,495
431,457824
472,329
740138,619
341,61354
479,91289
4276,161
857291,2666
06,3371
520211,29717
35,68
5484,277
82744,1389
01286,851829
29,3364
285316,299
8643,21
14546,4513
6446,53962
108888,64
57,139669
964,66956
974,72
7825,4754
5574,959
4495,775687
571,26
8748,4853
223,357
26960,3241
042,76
438,635274
23,13
67,3529
62,51777
718450,9858
91,47
96,63
570,92
216872,78791
48,3783
2318,272444
76605,84452
8837,838922
122,18
478,11
653446,42
922611,56456
678086,32
948667,14
420859,1921
223,7729
599,95
38,138
805,873789
03963,56425
6432,874
75215,86
38529,459
692,46
24165,223
1260,92955
757,71
03735,186658
847,1577
403,27294
814,4774
07605,2781
26853,549
1459,56
012634,6423
720333,73395
0038,96991
0269,417546
717,31
33,793
7376,334
904,72279
31378,26
58458,126351
1290,35959
799,764
93,174186
15,58836
6115,328
50,58
102989,8696
903331,515834
17223,1555
8363,438365
977,29
25240,63735
178,747293
6035,68541
865,94
463765,85655
395631,72712
323531,24377
87374,347938
394585,88
545,42
12857,99
58,893638
527100,45
769821,917967
19,988457
884225,17672
399,3657
318689,6471
9948,552339
090,37
5423,7123
99,896288
251327,9632
289268,5491
162,527636
157,7198
10,2642
77399,59662
373,25
678230,143
1063,276264
80,5576
95,3344
092,986
26699,39573
92,79
7336,31
36571,378
0752,33
59713,34652
681,76
34789,795447
85832,54262
852,66
5551,242
393500,49821
10141,48
5846,65729
8713,394
5222,382237
1797,1797
25824,455
24262,29
681,243
5059,4685
7467,8376
433,41484
51063,898434
7022,39485
296,18
4529,444179
668,52628
0363,91
87578,113141
3412,378931
93,4487
940,179171
314816,832269
16,4649
8049,47586
722416,348
36492,94581
602723,659
17,177
572137,8522
34,76581
081,78917
8173,3185
7858,79345
816043,913
34,35312
24924,698415
52,627761
413094,497
7559,31623
9635,61
15,8469
8160,827364
83099,67471
21,134
86745,64
378429,69178
340343,78272
85031,6352
51392,85513
78,532798
2099,2641
933274,461
7055,8682
69938,31238
800917,779137
053679,258538
8390,52149
842758,313756
2347,495
14,785259
02,7614
1502,8673
675960,39
119309,3494
21207,83
92792,32
986372,538188
8572,983
06,64484
42735,57219
811,199
672,22
216,3688
7316,783
9174,3998
944,391123
01,2428
46,913
350666,464
6452,476472
888976,9735
847,21
17,61396
32,56
765,19837
280,73
879981,6975
941,817
354,448973
587040,8331
48,996
54139,66563
890,462
45834,88695
3031,676578
01,29
759,751274
67,5735
12,57
36850,79369
79,18197
220,184164
487620,3485
860706,49113
9367,519837
251247,949
83,774339
32750,318
27431,6559
63,698735
866672,8327
76035,87
7412,98328
5743,34664
163922,53
10608,24516
325762,364
4878,69
609645,724
5909,949
1585,264
27,55344
29,291
827831,78
82,77
128278,545
97143,73
372230,817291
3991,7474
6192,94
16843,6186
365178,84227
2515,16
382,1687
31,187
339,83934
432,376
303684,79535
96266,998549
5162,394
352,1645
22800,977867
27,2962
841020,248133
848721,576
850,285
59,56
770807,823
390167,679
5970,444
6837,81
761,61956
8558,13
9938,91664
49,1972
900186,244
708209,81461
58,511
409835,811926
86948,884
6226,16
76,537
3958,13
05964,19
019309,3851
632,517
21798,242
604,539784
3275,59
83,921393
11,271872
4558,33157
8347,6124
28,67274
5294,12324
9160,947
85477,3743
38598,78
56523,787899
6155,61
5001,535
07807,466
34,18
08619,923
86,74843
7529,588
73,114912
992720,295344
1806,659232
492,48921
375,97
853,1331
43,8759
54665,3445
519035,3263
78,24
03937,93421
104,988611
890,456213
180,75762
427216,211857
97,496941
193227,77868
2632,11
74619,99499
14,678638
07,1828
51609,7392
479478,735
526067,3592
6816,419
073,1171
72,45
85714,867112
2100,89912
12518,25
703328,748
3610,68
9073,53979
535948,7969
844762,331
557567,768564
47627,47668
19825,66757
39,77
47,8998
901,1968
93447,2632
476369,376
76,4925
685,52529
748015,859338
864146,473687
80,65
94454,228911
955,29
837,885
046894,12434
560,69452
34,73
013149,368545
562806,99
76,7968
906,53299
970,14613
842250,539
129,895
9045,5517
205,6129
33225,548
2951,89153
96,232985
02825,676725
809,3613
7492,2525
4849,34
65,87
808,9483
471,173489
40,14647
48777,49486
092153,5396
480897,21761
698,98
35104,7386
623945,514727
32345,3881
214,93
592936,267
743580,3674
433,64227
430073,14
040463,83
9599,173
8056,4577
02165,1995
16,92776
2501,3275
513,969542
671260,848
116,582292
84,195
02845,4953
1829,5574
63,278149
9161,717
18,5627
57841,382
539,25
591,78121
969321,56
585,54
26457,85949
6546,334384
32,93
06414,824
50632,54279
89007,58
832,675
9376,947
859983,52
05,31156
646,74
580,961438
20969,9265
75,56697
53,6669
752127,582927
83537,8134
13,9612
3540,94
28507,3938
730013,313
839275,3284
076,152989
334656,79
7435,68967
029,345923
43,48
7697,5427
072,41325
72,5859
14,67956
93,2313
35,561797
953,841
529232,54
1076,228
46218,415995
628318,75
172262,7674
902,59667
96,5166
582,7667
480061,473489
64,735431
636838,373
205617,629
8702,532823
53,798
382,9593
092210,77528
953609,82
588400,26
50,63
14968,364
64,24716
659461,3939
425949,73
314,96939
35,6445
325402,34
021,28682
07254,314454
117694,93549
3780,28288
03,856645
977,11774
447279,93
06,66
235752,413
832854,58299
037086,8591
33,5274
826130,7358
84904,24555
9197,3767
486,45
03,6893
06437,5545
73,5686
41,265
489819,333768
904,958387
5334,14885
384721,82123
107,37356
38,48249
17,18
763,11
058939,482794
969,889675
459,92
959430,145448
3453,59479
916,5154
736273,12
634,53622
4350,7362
64690,48525
487,42717
36,4819
11308,7189
261296,61
88956,763
75,62
5846,246116
04,453745
7000,322512
564,565241
920766,3138
965748,12
233,65
756453,4789
602,93694
02579,27897
4203,85
395,22
71,419
2485,651
0322,91
28,28
50879,616
49946,687569
50,256
64,181289
57195,1956
383,41
3064,793637
7089,142
780023,7253
961,62578
836646,64
28,97925
197669,8482
849893,11
9960,41421
222,714
7342,363
497,8595
147,553763
638,6489
707,771
711614,119
306,3778
9689,8246
445900,11189
621,88
914,87489
4957,24
241,76
324326,4426
562541,175758
78536,946
30,35296
0781,47
989208,24161
11,9852
86,86523
824,8488
29,5223
344739,64
718662,83479
3379,9572
87,7756
145,416
207,174617
90,1519
8218,123
99946,1829
9924,53
45157,451359
19,332
714077,755
37,515293
178,731325
791,225
33543,97
20,19
360650,119
254052,72
2773,779988
45,81
463,951165
56,668
782,8482
36,329845
148208,195783
756013,49881
88440,2678
51549,17
280,1343
87282,34288
08181,79
01853,5559
584460,689
985023,129
74824,434775
60,61
30120,186
269,7367
794,418
034,84698
717,226645
7836,354451
5689,66
841,41
9850,64331
4410,6433
8996,198911
029,523
494722,47919
108,37966
27027,7677
785795,524
251,8527
326,448463
7550,23921
346017,279
96948,95384
63715,57599
369,468
38,9394
59,444
36486,6548
96902,8356
51462,623217
50772,4787
80184,94
061498,391
038,15576
38,512
360807,656655
113953,13
80866,675765
88,57
393,977
00053,27
90493,792894
05,19292
75898,88453
7672,415
90,851
066725,283794
29649,95
65147,568
43739,24951
103390,528777
93,271295
276,1655
47226,591953
645279,66
29970,53
35,912564
626,273173
4661,3873
596,376
561,85
9075,37
869,62
838,176
595040,123
604610,289327
6769,91268
94039,85
989802,253427
607147,5259
33,138
99,74
922896,71829
101,19
585,1311
19383,78466
7800,37142
9079,8248
51917,76
406044,43
948180,997683
19,8588
42,7967
8759,411666
61376,879
889,66245
7832,771
20,1889
338,99
0195,41139
455,5816
2621,228295
76,559312
70583,314173
7784,17
248499,2242
62353,498428
8896,27244
4155,7168
824954,654967
00,73
45,21
95815,376
44480,792917
86580,6328
0607,834
54,839
40,612
426912,131395
748,655
727324,147
375,551
6322,69
272919,749
59,56114
542245,7236
1137,2877
284470,19448
9120,166
18,9238
661,142
8769,317283
574717,52
83704,166
5131,83
75337,1669
61,871649
88,3448
82121,98
19927,11
0195,717
5292,932
224,168
0837,19685
391646,6531
28,34
101435,2719
13394,4464
191893,983992
89052,1146
251401,23416
2235,888457
8371,751313
28209,514
971,9672
540,85
82855,37
56906,15
491277,392366
15,8934
37830,49579
03904,48
38875,45895
40,1127
533486,513
10171,9354
26,39161
482946,733171
52861,812581
308803,597711
402,7275
66494,86564
24247,12273
788337,7179
76,13
035,198
45681,51
62,97
78,1266
902366,728
9635,557262
597,48
16228,932614
98967,885521
28,55
37,5156
854890,31
1117,922622
7040,612873
23,4631
603,922
32624,687224
721,47199
678,246
611,34542
12,32
4228,991681
080,5484
49452,5319
444,948817
35700,93
574680,573
75,61613
285457,85
3004,172829
98371,797648
712943,91229
1922,83
50876,5995